		
5.17429	0.0030735	0.0011148
5.17365	0.0023426	0.0010728
5.17299	0.0034178	0.0012235
5.17234	0.0026382	0.0011042
5.17169	0.0024518	0.0010853
5.17103	0.0029754	0.0010664
5.17038	0.004248	0.0009925
5.16972	0.0031953	0.0010633
5.16841	0.0039777	0.0010318
5.16777	0.0028834	0.0009235
5.16711	0.0023271	0.0009915
5.16646	0.0033479	0.0009837
5.16581	0.0029234	0.0009588
5.16515	0.00334	0.0008777
5.1645	0.0039126	0.0009213
5.16385	0.0026199	0.0008665
5.16319	0.0029334	0.0008072
5.16254	0.0022467	0.0008003
5.16188	0.0017677	0.0008212
5.16123	0.0038355	0.0008478
5.16058	0.004455	0.0008209
5.15992	0.0039387	0.000844
5.15927	0.0021695	0.0007065
5.15862	0.0032014	0.0007996
5.156	0.002408	0.0008061
5.15534	0.0028006	0.0007883
5.1547	0.0020347	0.0007039
5.15404	0.0019146	0.0006681
5.15339	0.0022957	0.0006877
5.15274	0.0036579	0.0007201
5.15208	0.0024439	0.0007096
5.15142	0.0025741	0.0006561
5.15077	0.0025602	0.0006441
5.15012	0.0017352	0.0006684
5.14947	0.0022939	0.0006828
5.14881	0.0024984	0.0006615
5.14816	0.0029106	0.0006827
5.14751	0.0027508	0.0006478
5.14685	0.0024853	0.000637
5.14554	0.0025178	0.0006411
5.14489	0.0022964	0.0005828
5.14424	0.0029783	0.0006443
5.14358	0.0030995	0.0006343
5.14293	0.0029383	0.0005914
5.14227	0.003537	0.0005871
5.14162	0.0030092	0.0005705
5.14097	0.0035347	0.0005777
5.14031	0.0023483	0.0005565
5.13966	0.0029901	0.0005675
5.13901	0.0028547	0.00058
5.13836	0.0015718	0.0004888
5.1377	0.0029073	0.0005632
5.13705	0.0016909	0.0005227
5.13639	0.0034852	0.0005338
5.13574	0.0038347	0.0005315
5.13508	0.0030971	0.0005313
5.13443	0.0027012	0.0004861
5.13377	0.0027955	0.0005405
5.13312	0.0033187	0.0005153
5.13247	0.0035962	0.0005239
5.12985	0.0033608	0.0005123
5.1292	0.0028799	0.000517
5.12854	0.0021666	0.000482
5.12789	0.0030578	0.0004877
5.12723	0.0027254	0.0004839
5.12658	0.003068	0.0004749
5.12593	0.0032217	0.0005149
5.12528	0.0034011	0.0004755
5.12462	0.0034108	0.0004735
5.12397	0.0029142	0.000477
5.12331	0.0031808	0.0004814
5.12266	0.0026684	0.0004722
5.12201	0.0036279	0.0004574
5.12135	0.0029918	0.00047
5.1207	0.0029422	0.0004566
5.12004	0.0029482	0.0004509
5.11939	0.0021758	0.0004457
5.11874	0.0026502	0.0004209
5.11808	0.0032024	0.000446
5.11742	0.0028764	0.0004344
5.11677	0.0029728	0.0004184
5.11612	0.0026702	0.0004214
5.11546	0.003293	0.000426
5.11481	0.0024532	0.0004317
5.11415	0.0027908	0.0004281
5.1135	0.0035004	0.0004457
5.11285	0.0029688	0.0004379
5.11219	0.0030954	0.000444
5.11154	0.0035126	0.0004394
5.11088	0.0026514	0.0004253
5.11023	0.0033494	0.0004132
5.10957	0.0028668	0.0004103
5.10892	0.0031066	0.0003907
5.10826	0.0028163	0.0004029
5.10761	0.0029259	0.0004112
5.10696	0.0033951	0.0003843
5.1063	0.0027628	0.0003891
5.10565	0.003463	0.0004007
5.10499	0.0034576	0.0003992
5.10434	0.0029062	0.0003702
5.10368	0.0025585	0.0003921
5.10303	0.0039133	0.0004101
5.10238	0.0029573	0.0003929
5.10172	0.0030571	0.0003958
5.10106	0.003249	0.000383
5.10041	0.0029103	0.0003722
5.09976	0.0029487	0.0003734
5.0991	0.0030136	0.0004191
5.09845	0.0031328	0.0003798
5.0978	0.0030818	0.0003766
5.09714	0.0026224	0.0003928
5.09649	0.003255	0.0003973
5.09583	0.0032321	0.0003952
5.09518	0.0033448	0.000387
5.09452	0.0026997	0.00037
5.09387	0.0030032	0.0003802
5.09321	0.0029937	0.000364
5.09255	0.003095	0.0003666
5.0919	0.0028581	0.0003597
5.09125	0.0036128	0.0003609
5.09059	0.0034602	0.0003681
5.08994	0.0028971	0.0003516
5.08928	0.0033517	0.0003459
5.08863	0.0025649	0.0003556
5.08797	0.0030296	0.0003531
5.08732	0.0033962	0.0003625
5.08666	0.0028899	0.0003636
5.08601	0.0027344	0.0003543
5.08535	0.0025892	0.0003479
5.0847	0.0034186	0.0003315
5.08404	0.0033971	0.0003721
5.08339	0.0027847	0.0003416
5.08273	0.0027543	0.0003578
5.08208	0.0028673	0.00037
5.08143	0.003293	0.0003564
5.08077	0.0029674	0.0003581
5.08012	0.0035933	0.0003369
5.07946	0.0032084	0.000342
5.07881	0.0028352	0.0003414
5.07815	0.0029343	0.0003322
5.0775	0.0031517	0.0003355
5.07684	0.0026216	0.0003605
5.07618	0.0029544	0.0003352
5.07553	0.0031086	0.000336
5.07488	0.0033788	0.0003395
5.07422	0.0029872	0.0003325
5.07357	0.00326	0.0003417
5.07291	0.0033246	0.000332
5.07226	0.0039224	0.00034
5.0716	0.0032155	0.0003245
5.07094	0.003644	0.0003388
5.07029	0.0031895	0.000334
5.06964	0.0029159	0.0003385
5.06898	0.0036359	0.0003435
5.06833	0.0025198	0.0003277
5.06767	0.0026505	0.0003281
5.06701	0.0028802	0.0003366
5.06636	0.0032199	0.0003386
5.0657	0.0029199	0.0003241
5.06505	0.0028846	0.0003435
5.06439	0.0029074	0.0003304
5.06374	0.0031643	0.000336
5.06308	0.0025137	0.0003322
5.06243	0.0034664	0.0003234
5.06177	0.0027351	0.0003236
5.06112	0.0027188	0.0003144
5.06046	0.0032131	0.0003199
5.05981	0.0032234	0.0003096
5.05915	0.0033784	0.0003144
5.0585	0.0028598	0.0003214
5.05784	0.0032144	0.000316
5.05718	0.0027634	0.0003169
5.05653	0.002698	0.0003121
5.05587	0.0027747	0.0003168
5.05522	0.0023816	0.000329
5.05456	0.0025153	0.0003129
5.05391	0.0027802	0.0003232
5.05325	0.0028631	0.0003115
5.05259	0.0027568	0.0003141
5.05194	0.0030226	0.0003121
5.05129	0.0031466	0.0003292
5.05063	0.0031564	0.0003152
5.04997	0.002895	0.0003358
5.04932	0.0029441	0.0003193
5.04866	0.0029812	0.0003105
5.04735	0.0027366	0.000311
5.0467	0.0027592	0.000324
5.04604	0.0034356	0.0003309
5.04539	0.0028248	0.0003329
5.04473	0.0026626	0.000313
5.04408	0.0032517	0.0003209
5.04342	0.0025856	0.0002961
5.04277	0.002789	0.0003103
5.04211	0.0030352	0.0003146
5.04145	0.0025543	0.0003425
5.0408	0.003076	0.0003098
5.04014	0.0028113	0.0003111
5.03948	0.0026401	0.0003061
5.03883	0.0032985	0.0003059
5.03818	0.0028723	0.0003082
5.03752	0.0030186	0.0003163
5.03686	0.003001	0.0003134
5.03621	0.0029377	0.00031
5.03555	0.002976	0.0003189
5.0349	0.0021935	0.0003233
5.03424	0.0027873	0.000337
5.03358	0.0026587	0.0003149
5.03293	0.0032001	0.000313
5.03227	0.0025935	0.0003156
5.03162	0.0025906	0.0003197
5.03096	0.0025639	0.0003334
5.03031	0.003359	0.0003255
5.02965	0.0018359	0.000315
5.029	0.0029388	0.0003098
5.02834	0.0029736	0.0003066
5.02768	0.0025188	0.0003206
5.02703	0.0028385	0.000326
5.02637	0.0027553	0.0003079
5.02571	0.0033494	0.0003072
5.02506	0.0033778	0.0003189
5.0244	0.0027893	0.000321
5.02375	0.0030069	0.0003171
5.02309	0.0029192	0.0003135
5.02244	0.002679	0.0003041
5.02178	0.0031128	0.0003219
5.02113	0.0026433	0.0003088
5.02047	0.0026687	0.0003146
5.01981	0.002433	0.0003111
5.01915	0.0029199	0.0003082
5.0185	0.0026126	0.0003083
5.01784	0.0031492	0.0003014
5.01719	0.0028955	0.0003161
5.01653	0.0024326	0.0003097
5.01587	0.003253	0.0003066
5.01522	0.002901	0.0003135
5.01456	0.0029602	0.0003266
5.01391	0.0032169	0.0003299
5.01325	0.0028122	0.0003138
5.0126	0.0024742	0.0003169
5.01194	0.0027584	0.0003157
5.01128	0.0032822	0.0002962
5.01063	0.0024332	0.0003011
5.00997	0.0024925	0.0002864
5.00931	0.0031289	0.0002997
5.00866	0.0027757	0.0002948
5.008	0.0029799	0.0003111
5.00734	0.0029682	0.0002994
5.00669	0.0031056	0.0003022
5.00603	0.0028878	0.0002942
5.00538	0.0029414	0.0003016
5.00472	0.0026401	0.0002915
5.00407	0.0022652	0.0002941
5.00341	0.0027084	0.0002926
5.00209	0.0025219	0.0002935
5.00144	0.002744	0.000299
5.00078	0.002959	0.0003082
5.00013	0.0031542	0.0003044
4.99947	0.0024265	0.0003145
4.99881	0.002647	0.0002988
4.99815	0.0031279	0.0003065
4.9975	0.0030512	0.0003167
4.99684	0.0026232	0.0002928
4.99619	0.0027673	0.000304
4.99553	0.002715	0.0002901
4.99487	0.0030144	0.0003094
4.99422	0.0028022	0.0003094
4.99356	0.0026338	0.0002982
4.99291	0.0028388	0.000294
4.99225	0.0031914	0.0002849
4.99159	0.0030142	0.0002902
4.99094	0.002822	0.0002913
4.99028	0.0029172	0.0002886
4.98962	0.0027691	0.0002912
4.98897	0.0024765	0.0002794
4.98831	0.0026736	0.0002979
4.98765	0.0033251	0.0002901
4.987	0.0027156	0.0002838
4.98634	0.0029448	0.000292
4.98568	0.0032375	0.000315
4.98503	0.0025591	0.0002911
4.98437	0.0028104	0.0002868
4.98371	0.0030698	0.0002881
4.98306	0.0029294	0.0002909
4.9824	0.0036801	0.0002992
4.98174	0.0026033	0.0002823
4.98108	0.0030981	0.0002775
4.98043	0.0028304	0.0002791
4.97977	0.0029959	0.0002886
4.97912	0.0025875	0.000307
4.97846	0.0026027	0.000304
4.9778	0.0030608	0.0002717
4.97715	0.0027238	0.0002891
4.97649	0.0028785	0.0002945
4.97583	0.003039	0.0002917
4.97517	0.003321	0.0002997
4.97452	0.002629	0.0002827
4.97386	0.0027423	0.000282
4.97321	0.0028389	0.0002669
4.97255	0.0031754	0.0002771
4.97189	0.0030188	0.0002881
4.97123	0.0025551	0.0002812
4.97058	0.0031092	0.0002846
4.96992	0.0026132	0.0002795
4.96926	0.0032924	0.0002808
4.96861	0.0030079	0.0002877
4.96795	0.0033847	0.0002835
4.96729	0.0032367	0.0002848
4.96664	0.0028564	0.0002688
4.96598	0.0036	0.0002724
4.96532	0.0032246	0.0002821
4.96467	0.0030329	0.0002876
4.96401	0.003069	0.0002872
4.96335	0.0025805	0.0002877
4.96269	0.0025659	0.0002789
4.96204	0.0030097	0.0002832
4.96138	0.0030274	0.0002801
4.96072	0.0028437	0.0002891
4.96007	0.003202	0.0002828
4.95941	0.0028962	0.0002877
4.95875	0.00261	0.0003064
4.95809	0.0034427	0.0002414
4.95744	0.0033039	0.0002898
4.95678	0.0030135	0.0003013
4.95613	0.0023395	0.0003013
4.95547	0.0025498	0.0002943
4.95481	0.0034033	0.0002815
4.95415	0.0035146	0.0002768
4.95349	0.0030147	0.0002857
4.95284	0.0030496	0.0002781
4.95152	0.0027753	0.0002743
4.95087	0.0026164	0.0002667
4.95021	0.0027908	0.0002712
4.94955	0.002844	0.0002807
4.94889	0.0028021	0.0002727
4.94824	0.0028525	0.0002706
4.94758	0.0025884	0.0002761
4.94693	0.0028423	0.0002752
4.94626	0.0024926	0.0002692
4.94561	0.0024552	0.000278
4.94495	0.0032352	0.0002817
4.94429	0.0033526	0.000274
4.94364	0.0032577	0.0002865
4.94298	0.0029656	0.0002855
4.94232	0.0028602	0.000284
4.94166	0.0027098	0.000294
4.94101	0.0031299	0.0002704
4.94035	0.0029449	0.0002965
4.93969	0.0031617	0.0002801
4.93903	0.0029024	0.0003009
4.93838	0.0034544	0.0002934
4.93772	0.00307	0.0002975
4.93706	0.0030186	0.0002912
4.93641	0.0030436	0.000277
4.93575	0.002852	0.0002795
4.93509	0.0031486	0.0002746
4.93443	0.0035456	0.0002758
4.93377	0.0032354	0.0002679
4.93311	0.0030531	0.0002679
4.93246	0.0025822	0.0002694
4.9318	0.0028908	0.0002708
4.93114	0.0028444	0.0002702
4.93049	0.0034811	0.0002774
4.92983	0.0034981	0.0002758
4.92917	0.0028605	0.0002644
4.92851	0.0031046	0.0002711
4.92786	0.0024973	0.0002738
4.9272	0.0024107	0.0002967
4.92654	0.0026637	0.0002855
4.92588	0.002846	0.0002774
4.92522	0.0028125	0.0002641
4.92457	0.0030715	0.0002855
4.92391	0.0029634	0.000277
4.92326	0.0029351	0.0002756
4.9226	0.003292	0.0002667
4.92194	0.0028744	0.0002667
4.92128	0.0028979	0.0002681
4.92062	0.0029856	0.000268
4.91996	0.0032402	0.0002762
4.91931	0.0025163	0.0002809
4.91865	0.003502	0.0002863
4.91799	0.003072	0.0002782
4.91733	0.0032598	0.0002857
4.91667	0.0029801	0.0002932
4.91602	0.0032247	0.0002734
4.91536	0.0033043	0.000278
4.9147	0.0029669	0.0002804
4.91404	0.0032414	0.0002591
4.91338	0.0028781	0.0002669
4.91273	0.002676	0.0002447
4.91207	0.0031938	0.0002648
4.91142	0.0030878	0.0002724
4.91075	0.0025732	0.000278
4.9101	0.002943	0.0002863
4.90944	0.0026636	0.0002818
4.90878	0.0028314	0.0002518
4.90812	0.002908	0.0002226
4.90746	0.0021454	0.0002892
4.90681	0.0025474	0.0002603
4.90615	0.0024823	0.0002713
4.90549	0.0025849	0.0002799
4.90484	0.0028292	0.0002699
4.90417	0.0028132	0.0002855
4.90352	0.0028387	0.000274
4.90286	0.0029998	0.0002646
4.9022	0.0025972	0.0002757
4.90154	0.0031006	0.0002742
4.90089	0.00262	0.0002583
4.90023	0.0029316	0.0002709
4.89957	0.0030427	0.0002764
4.89891	0.0032889	0.0002754
4.89826	0.0030141	0.0002938
4.89759	0.0032273	0.0002808
4.89694	0.0028203	0.000273
4.89628	0.0029599	0.0002698
4.89562	0.0023658	0.0002665
4.89496	0.002795	0.0002743
4.89431	0.0026776	0.0002624
4.89365	0.0025711	0.0002633
4.89299	0.0031635	0.0002748
4.89233	0.0034364	0.0002679
4.89167	0.0030073	0.0002629
4.89101	0.0021961	0.000256
4.89036	0.003147	0.0002658
4.8897	0.0028152	0.0002632
4.88904	0.0029076	0.0002758
4.88838	0.0028408	0.0002724
4.88772	0.0032315	0.0002769
4.88706	0.0028129	0.0002792
4.8864	0.0029024	0.0002776
4.88575	0.0031275	0.000283
4.88509	0.0030342	0.0002817
4.88443	0.0035275	0.0002741
4.88377	0.0024428	0.0002774
4.88311	0.0031839	0.000279
4.88246	0.0024572	0.0002844
4.8818	0.0033258	0.0002831
4.88114	0.0030165	0.0002819
4.88048	0.0026512	0.0002811
4.87982	0.0027989	0.0002821
4.87916	0.003066	0.0002716
4.87851	0.0031782	0.0002659
4.87785	0.0027245	0.0002585
4.87719	0.0031639	0.000271
4.87653	0.0032347	0.0002717
4.87587	0.0023438	0.0002728
4.87522	0.003368	0.0002677
4.87455	0.0031676	0.0002573
4.87389	0.0024883	0.0002714
4.87324	0.0029412	0.0002737
4.87258	0.0031216	0.0002861
4.87192	0.0025904	0.0002667
4.87126	0.0035496	0.0002758
4.8706	0.0031217	0.0002798
4.86994	0.0029398	0.0002836
4.86929	0.0027765	0.0002734
4.86863	0.0025904	0.000268
4.86797	0.0030491	0.0002621
4.86731	0.0031651	0.0002705
4.86665	0.0032324	0.0002732
4.86599	0.0029814	0.0002687
4.86533	0.0031803	0.0002786
4.86467	0.0028912	0.0002718
4.86402	0.0029084	0.0002746
4.86336	0.0029725	0.0002663
4.8627	0.0032264	0.0002402
4.86204	0.0026912	0.0002807
4.86138	0.0026254	0.000275
4.86072	0.0025083	0.0002975
4.86007	0.0026598	0.0002706
4.85941	0.0027442	0.0002783
4.85875	0.0028895	0.0002717
4.85809	0.0027367	0.000266
4.85743	0.0029032	0.0002697
4.85677	0.0032305	0.0002818
4.85611	0.0028243	0.0002868
4.85545	0.0031608	0.0002687
4.85479	0.0027927	0.0002781
4.85414	0.0032217	0.0002757
4.85348	0.0027366	0.0002641
4.85282	0.0027572	0.0002647
4.85216	0.0029336	0.0002592
4.8515	0.0027574	0.000258
4.85084	0.0029134	0.0002682
4.85018	0.0027889	0.0002603
4.84953	0.0020943	0.000261
4.84886	0.0020925	0.0002748
4.84821	0.0033246	0.0002795
4.84754	0.0023438	0.0002575
4.84689	0.002744	0.0002761
4.84623	0.0026065	0.0002808
4.84557	0.0033927	0.0002775
4.84491	0.0029983	0.0002899
4.84425	0.0021235	0.0002732
4.84359	0.0033266	0.0002837
4.84294	0.0029117	0.0002776
4.84228	0.0027975	0.0002706
4.84162	0.0032728	0.0002756
4.83964	0.0026194	0.0002763
4.83898	0.0028186	0.0002626
4.83832	0.0030199	0.0002752
4.83766	0.0032323	0.0002696
4.83701	0.0032468	0.0002655
4.83634	0.0027958	0.0002789
4.83568	0.0030125	0.0002765
4.83503	0.0028482	0.0002722
4.83437	0.0026329	0.0002656
4.83371	0.0028677	0.0002743
4.83305	0.0029443	0.0002658
4.83239	0.002948	0.000254
4.83173	0.0026926	0.000258
4.83107	0.0028585	0.0002648
4.83041	0.0025968	0.0002493
4.82975	0.0030295	0.0002629
4.82909	0.0030526	0.0002744
4.82844	0.0029274	0.0002673
4.82778	0.0027924	0.0002511
4.82712	0.0032604	0.0002532
4.82646	0.0024813	0.0002628
4.82579	0.0025316	0.0002496
4.82514	0.003314	0.0002695
4.82448	0.0033836	0.000264
4.82382	0.0030672	0.000274
4.82316	0.00276	0.00028
4.8225	0.0029644	0.0002657
4.82184	0.0032809	0.0002711
4.82118	0.0029338	0.0002723
4.82052	0.003168	0.0002633
4.81986	0.00281	0.0002311
4.8192	0.0032085	0.0002746
4.81855	0.0028751	0.0002741
4.81789	0.0031184	0.000271
4.81723	0.0029711	0.000274
4.81657	0.0031268	0.0002736
4.81591	0.0031637	0.0002593
4.81525	0.0030059	0.0002753
4.81459	0.0034979	0.0002801
4.81393	0.0028797	0.0002533
4.81327	0.0031345	0.0002665
4.81261	0.0031434	0.0002689
4.81195	0.0031588	0.0002694
4.81129	0.0024403	0.0002668
4.81063	0.0031752	0.0002642
4.80997	0.0026504	0.0002629
4.80931	0.0026194	0.0002657
4.80865	0.0029509	0.0002704
4.80799	0.0027862	0.0002636
4.80734	0.0025205	0.0002549
4.80667	0.00273	0.0002765
4.80602	0.0027804	0.0002679
4.80536	0.0031969	0.0002749
4.8047	0.0027317	0.0002694
4.80404	0.0036086	0.0002893
4.80338	0.0031232	0.0002834
4.80272	0.0025799	0.0002757
4.80206	0.002988	0.0002811
4.8014	0.0029988	0.0002648
4.80074	0.0028314	0.0002784
4.80008	0.0021329	0.0002868
4.79942	0.0026945	0.0002678
4.79876	0.0024916	0.0002588
4.7981	0.0026502	0.0002675
4.79744	0.0027512	0.00026
4.79678	0.0027812	0.0002672
4.79612	0.002726	0.0002632
4.79546	0.0025225	0.0002567
4.7948	0.0031242	0.0002611
4.79414	0.00294	0.0002697
4.79348	0.0027789	0.0002786
4.79282	0.0028603	0.0002623
4.79216	0.0031772	0.000264
4.7915	0.0028114	0.0002692
4.79084	0.0029323	0.0002609
4.79018	0.003138	0.0002639
4.78952	0.0026806	0.0002645
4.78886	0.0030899	0.0002586
4.7882	0.0023799	0.0002739
4.78754	0.0029212	0.0002673
4.78688	0.0031807	0.0002795
4.78622	0.0029373	0.0002699
4.78556	0.0028383	0.0002631
4.7849	0.0031694	0.0002608
4.78424	0.0034413	0.0002651
4.78358	0.0033264	0.0002706
4.78293	0.0030428	0.0002717
4.78226	0.0029842	0.0002705
4.7816	0.0028212	0.0002755
4.78094	0.0028249	0.0002623
4.78028	0.0027305	0.0002676
4.77962	0.0027756	0.0002639
4.77896	0.0033418	0.000286
4.77831	0.0032094	0.0002665
4.77764	0.0031949	0.0002801
4.77699	0.0029676	0.0002701
4.77632	0.0024576	0.0002597
4.77566	0.0031141	0.0002635
4.775	0.0034153	0.0002778
4.77434	0.003023	0.0002881
4.77368	0.0031119	0.0002712
4.77302	0.0037089	0.000274
4.77236	0.0033731	0.0002621
4.7717	0.0026168	0.0002694
4.77104	0.0025357	0.0002701
4.77038	0.0028175	0.000257
4.76972	0.0035354	0.000272
4.76907	0.0030376	0.0002775
4.7684	0.0028205	0.0002414
4.76774	0.0027686	0.0002646
4.76708	0.0030709	0.0002647
4.76642	0.002995	0.0002701
4.76576	0.0028523	0.0002675
4.7651	0.002943	0.0002678
4.76444	0.0020913	0.0002618
4.76378	0.0024938	0.0002635
4.76312	0.0024444	0.0002589
4.76246	0.0025043	0.000218
4.7618	0.0037632	0.0002829
4.76114	0.0032794	0.0002679
4.76048	0.0031599	0.0002666
4.75982	0.0029311	0.0002795
4.75916	0.0027344	0.0002737
4.7585	0.0027739	0.0002784
4.75784	0.003008	0.0002692
4.75718	0.0028638	0.000266
4.75652	0.0027144	0.0002802
4.75586	0.0028792	0.0002951
4.7552	0.002845	0.0002626
4.75454	0.0030789	0.0002622
4.75388	0.0031274	0.000274
4.75321	0.0034698	0.0002702
4.75256	0.003052	0.0002687
4.75189	0.0027826	0.0002642
4.75124	0.0034526	0.0002635
4.75057	0.0027955	0.0002666
4.74991	0.0031962	0.0002728
4.74925	0.0028965	0.0002713
4.74859	0.0030329	0.0002668
4.74793	0.0035485	0.0002753
4.74727	0.0032612	0.0002708
4.74661	0.0033068	0.000277
4.74595	0.0024377	0.0002481
4.74529	0.0036458	0.0002694
4.74463	0.0031454	0.0002692
4.74331	0.0030961	0.0002633
4.74265	0.0033872	0.0002729
4.74199	0.0028986	0.000277
4.74133	0.0031671	0.0002722
4.74067	0.0029896	0.0002713
4.74001	0.0026338	0.0002745
4.73935	0.0031424	0.0002731
4.73869	0.0030207	0.0002743
4.73802	0.0027603	0.0002758
4.73736	0.003048	0.000265
4.7367	0.002673	0.0002626
4.73604	0.0027626	0.0002734
4.73538	0.0029665	0.0002627
4.73472	0.0033271	0.0002652
4.73406	0.0031589	0.0002561
4.7334	0.0027723	0.0002629
4.73274	0.0030152	0.0002592
4.73208	0.0030638	0.0002606
4.73142	0.0024976	0.0002557
4.73075	0.0032939	0.0002554
4.73009	0.0027962	0.0002724
4.72944	0.0030405	0.0002653
4.72878	0.002949	0.0002669
4.72811	0.0030674	0.0002658
4.72745	0.0028831	0.0002517
4.72679	0.0027981	0.000265
4.72613	0.0032388	0.0002722
4.72547	0.0025425	0.0002561
4.72481	0.003128	0.0002609
4.72415	0.0035292	0.0002714
4.72349	0.0029135	0.0002738
4.72283	0.0025898	0.0002659
4.72217	0.0026976	0.0002712
4.72151	0.0028541	0.0002842
4.72084	0.0034914	0.0002748
4.72019	0.0026738	0.0002613
4.71953	0.0026685	0.000279
4.71886	0.0031082	0.0002718
4.7182	0.0032942	0.0002741
4.71754	0.0031069	0.0002639
4.71688	0.0032279	0.00027
4.71622	0.0021888	0.0002726
4.71556	0.003336	0.0002742
4.71489	0.0032123	0.0002818
4.71423	0.0028914	0.0002771
4.71357	0.002773	0.0002766
4.71291	0.0028249	0.0002834
4.71225	0.0030205	0.0002805
4.71159	0.0033133	0.0002729
4.71093	0.0030351	0.000272
4.71027	0.0030063	0.0002663
4.70961	0.0027154	0.0002703
4.70895	0.0034693	0.0002875
4.70828	0.0031294	0.0002826
4.70762	0.0030291	0.0002728
4.70696	0.0029475	0.000268
4.7063	0.0030568	0.0002673
4.70564	0.0029518	0.0002795
4.70498	0.0030121	0.0002721
4.70432	0.00331	0.0002696
4.70366	0.0030616	0.0002713
4.703	0.002759	0.0002704
4.70234	0.0032135	0.0002622
4.70167	0.0030132	0.0002418
4.70035	0.0025022	0.000272
4.69969	0.0033016	0.000269
4.69903	0.0025614	0.0002621
4.69837	0.0028099	0.0002765
4.69771	0.002726	0.0002704
4.69705	0.0034495	0.0002639
4.69639	0.0025681	0.0002655
4.69572	0.0028444	0.000267
4.69506	0.003385	0.0002733
4.69441	0.0027367	0.0002671
4.69374	0.0032715	0.0002638
4.69308	0.0033495	0.0002632
4.69242	0.0028346	0.0002662
4.69176	0.0030702	0.0002748
4.6911	0.0031507	0.0002591
4.69043	0.003069	0.0002688
4.68978	0.0035711	0.0002627
4.68911	0.0035871	0.0002626
4.68845	0.0035382	0.0002596
4.68779	0.0030621	0.0002758
4.68713	0.0032442	0.0002726
4.68646	0.0025056	0.000265
4.68581	0.0030703	0.0002657
4.68514	0.0030024	0.0002632
4.68448	0.003204	0.0002701
4.68382	0.003469	0.0002778
4.68316	0.0028548	0.0002738
4.6825	0.002665	0.0002504
4.68183	0.0022626	0.0002461
4.68117	0.0028602	0.0002638
4.68051	0.0026215	0.0002643
4.67985	0.0032814	0.0002492
4.67919	0.0035683	0.000264
4.67853	0.003444	0.0002737
4.67787	0.0032238	0.0002748
4.67721	0.0024278	0.0002665
4.67654	0.0030805	0.0002617
4.67588	0.0033186	0.0002702
4.67522	0.0029644	0.0002624
4.67456	0.0031433	0.0002665
4.6739	0.0028935	0.0002736
4.67324	0.0029627	0.0002777
4.67258	0.0030052	0.0002729
4.67191	0.0030561	0.0002592
4.67125	0.0026529	0.000264
4.67059	0.0029044	0.0002734
4.66993	0.0029529	0.0002708
4.66927	0.0027673	0.0002532
4.66861	0.0026867	0.0002656
4.66795	0.0031314	0.0002623
4.66728	0.0027767	0.0002618
4.66662	0.0033077	0.0002646
4.66596	0.0029598	0.0002667
4.6653	0.0027671	0.0002567
4.66463	0.0028436	0.0002646
4.66397	0.0031292	0.0002698
4.66331	0.003258	0.0002723
4.66265	0.0032499	0.0002639
4.66199	0.0031592	0.0002774
4.66133	0.0027684	0.0002692
4.66066	0.0027196	0.000268
4.66	0.0027655	0.000269
4.65934	0.0034978	0.0002693
4.65868	0.0030539	0.0002586
4.65802	0.0032094	0.0002734
4.65736	0.0031292	0.0002703
4.65669	0.0035883	0.0002792
4.65603	0.0029624	0.0002699
4.65537	0.0029165	0.0002577
4.65471	0.0030206	0.0002629
4.65405	0.0036305	0.000273
4.65339	0.0028728	0.0002561
4.65272	0.0031951	0.0002578
4.65206	0.0030621	0.0002588
4.6514	0.0028306	0.0002539
4.65074	0.0029133	0.0002733
4.65008	0.0028666	0.0002699
4.64941	0.0031113	0.0002698
4.64875	0.0030141	0.0002781
4.64809	0.0033934	0.0002673
4.64743	0.0036228	0.0002679
4.64677	0.003095	0.0002676
4.6461	0.0029916	0.0002645
4.64544	0.0031238	0.0002632
4.64478	0.002684	0.0002664
4.64412	0.0030216	0.0003157
4.64345	0.0027476	0.0002488
4.64279	0.0030721	0.0002635
4.64213	0.0029959	0.0002715
4.64147	0.0031533	0.0002787
4.64081	0.0029261	0.0002594
4.64015	0.0026807	0.0002665
4.63948	0.0031022	0.0002556
4.63882	0.0031583	0.0002585
4.63816	0.0032065	0.0002602
4.63749	0.0031606	0.0002672
4.63683	0.0029008	0.0002625
4.63617	0.0029728	0.0002629
4.63551	0.0026803	0.0002539
4.63485	0.0024466	0.0002599
4.63419	0.0026488	0.0002571
4.63352	0.00267	0.0002687
4.63286	0.0027802	0.0002606
4.6322	0.0030068	0.0002558
4.63154	0.0031712	0.0002662
4.63088	0.0030494	0.0002689
4.63021	0.0029681	0.0002707
4.62955	0.0025439	0.0002648
4.62889	0.003388	0.0002705
4.62822	0.0026369	0.0002556
4.62757	0.0028963	0.0002691
4.6269	0.0034467	0.0002655
4.62624	0.002938	0.0002675
4.62558	0.0029552	0.0002724
4.62491	0.0027847	0.0002559
4.62426	0.0033903	0.0002708
4.62359	0.0030914	0.0002824
4.62293	0.003041	0.000263
4.62227	0.0026656	0.0002703
4.6216	0.0032117	0.0002573
4.62094	0.0035773	0.0002612
4.62028	0.002894	0.0002558
4.61962	0.0028585	0.0002568
4.61896	0.0029319	0.0002691
4.61829	0.0028383	0.0002676
4.61763	0.0028743	0.0002679
4.61697	0.0029887	0.0002588
4.61631	0.0028919	0.0002522
4.61564	0.0027251	0.0002663
4.61498	0.0029228	0.0002566
4.61432	0.0026214	0.0002653
4.61366	0.0026629	0.0002651
4.61299	0.0033248	0.0002663
4.61233	0.0035162	0.0002649
4.61167	0.002649	0.0002583
4.61101	0.0029282	0.0002508
4.61034	0.0028541	0.0002625
4.60968	0.0032279	0.0002652
4.60902	0.0031926	0.0002544
4.60836	0.0028193	0.0002676
4.6077	0.0028029	0.0002705
4.60703	0.0028969	0.0002922
4.60637	0.0028811	0.0002753
4.60571	0.0026376	0.0002685
4.60504	0.0031186	0.0002724
4.60438	0.0030253	0.0002721
4.60372	0.0031503	0.0002562
4.60306	0.0035835	0.0002632
4.6024	0.0028086	0.0002792
4.60173	0.0030915	0.00027
4.60107	0.0032629	0.0002606
4.6004	0.0029809	0.0002704
4.59974	0.0035259	0.0002681
4.59908	0.0027189	0.0002657
4.59842	0.0027926	0.0002628
4.59775	0.0031082	0.0002596
4.59709	0.0031425	0.0002748
4.59643	0.0029481	0.0002634
4.59577	0.0028418	0.0002579
4.5951	0.0031372	0.0002584
4.59444	0.0034175	0.0002758
4.59378	0.0027439	0.000262
4.59312	0.0029031	0.0002604
4.59245	0.0031535	0.0002635
4.59179	0.0028886	0.0002666
4.59113	0.0027828	0.0002623
4.59047	0.0034583	0.0002807
4.5898	0.0023694	0.0002565
4.58914	0.0028401	0.0002647
4.58848	0.0033316	0.0002725
4.58782	0.0032001	0.000257
4.58715	0.0028813	0.0002736
4.58648	0.0033114	0.0002661
4.58516	0.0034105	0.0002693
4.5845	0.0028277	0.0002656
4.58384	0.0030076	0.0002592
4.58317	0.0030476	0.0002667
4.58251	0.003121	0.0002706
4.58185	0.0027973	0.0002762
4.58119	0.0026577	0.0002523
4.58052	0.0026562	0.0002733
4.57986	0.0034037	0.0002631
4.5792	0.0029708	0.0002613
4.57853	0.0027412	0.0002689
4.57787	0.0029658	0.0002606
4.57721	0.0035582	0.0002719
4.57655	0.0032528	0.000265
4.57588	0.0033214	0.0002597
4.57522	0.0026643	0.0002607
4.57456	0.0026029	0.0002762
4.57389	0.0031737	0.0002674
4.57323	0.0027285	0.0002512
4.57256	0.0026422	0.000254
4.5719	0.0033826	0.0002576
4.57124	0.0026028	0.0002687
4.57058	0.0027955	0.000272
4.56991	0.0027881	0.0002716
4.56925	0.0031243	0.0002746
4.56859	0.0032673	0.0002542
4.56793	0.0029803	0.0002682
4.56726	0.002658	0.0002741
4.5666	0.0026228	0.0002693
4.56594	0.0030961	0.0002659
4.56528	0.0028576	0.0002716
4.56461	0.0028875	0.0002724
4.56329	0.0034756	0.0002711
4.56262	0.0030876	0.0002622
4.56196	0.0030765	0.0002728
4.5613	0.0029243	0.0002636
4.56063	0.0029462	0.0002681
4.55997	0.0037426	0.0002631
4.55931	0.0030464	0.0002681
4.55864	0.0030322	0.0002621
4.55798	0.0023305	0.0002779
4.55732	0.003084	0.0002621
4.55665	0.0029306	0.0002601
4.55599	0.0028421	0.0002652
4.55532	0.0033104	0.000272
4.55467	0.0024869	0.0002743
4.554	0.0031758	0.0002584
4.55334	0.0025819	0.0002611
4.55267	0.0032822	0.0002788
4.55201	0.0033678	0.0002824
4.55135	0.0030691	0.0002742
4.55068	0.0028631	0.0002729
4.55002	0.0029096	0.0002805
4.54936	0.0032764	0.0002709
4.54869	0.0031842	0.0002751
4.54803	0.0032609	0.0002647
4.54737	0.003008	0.0002698
4.5467	0.002865	0.0002563
4.54604	0.0029337	0.0002644
4.54537	0.0027213	0.0002619
4.54471	0.002522	0.0002697
4.54405	0.0030585	0.0002697
4.54339	0.0032708	0.0002749
4.54272	0.0028349	0.0002797
4.54206	0.0024708	0.0002751
4.54139	0.0027769	0.0002764
4.54073	0.0032889	0.0002693
4.54007	0.003308	0.0002681
4.5394	0.0032213	0.0002753
4.53874	0.0027468	0.0002775
4.53808	0.0032139	0.0002683
4.53742	0.0029797	0.0002633
4.53675	0.0027436	0.0002698
4.53609	0.0031413	0.0002689
4.53542	0.0033178	0.0002738
4.53476	0.003148	0.0002756
4.5341	0.0030715	0.0002762
4.53343	0.003242	0.0002858
4.53277	0.0027164	0.0002708
4.53211	0.0028519	0.0002843
4.53144	0.0028356	0.0002738
4.53078	0.0026385	0.0002669
4.53012	0.0030485	0.000254
4.52945	0.0029025	0.0002656
4.52812	0.0024964	0.0002597
4.52746	0.0026931	0.0002597
4.5268	0.0027686	0.0002678
4.52613	0.0034161	0.0002659
4.52547	0.0026603	0.0002725
4.52481	0.0034907	0.0002552
4.52414	0.0028101	0.0002558
4.52348	0.0031463	0.0002683
4.52281	0.0030648	0.0002714
4.52215	0.0030525	0.0002671
4.52149	0.0031419	0.0002578
4.52083	0.0026958	0.0002672
4.52016	0.0027181	0.0002702
4.5195	0.003076	0.0002603
4.51884	0.003632	0.000273
4.51817	0.0034764	0.0002846
4.51751	0.0032768	0.0002663
4.51684	0.0032472	0.0002707
4.51618	0.0029598	0.0002549
4.51551	0.0027335	0.0002564
4.51485	0.0027627	0.000281
4.51419	0.0031152	0.0002937
4.51352	0.0030953	0.0002595
4.51286	0.0030547	0.0002639
4.5122	0.0025375	0.000264
4.51153	0.0031868	0.0002597
4.51087	0.0027309	0.0002536
4.5102	0.0026073	0.0002728
4.50954	0.0035803	0.0002645
4.50888	0.003156	0.0002666
4.50821	0.0029577	0.0002756
4.50755	0.0025953	0.0002586
4.50688	0.003428	0.0002691
4.50622	0.002895	0.0002693
4.50556	0.0035687	0.0002694
4.50489	0.0028063	0.0002695
4.50423	0.0035538	0.0002702
4.50357	0.0032307	0.000273
4.50291	0.0030509	0.0002582
4.50224	0.0032023	0.0002724
4.50157	0.0029895	0.0002608
4.50091	0.0034196	0.0002746
4.50025	0.0026493	0.0002679
4.49958	0.003198	0.0002771
4.49892	0.0031853	0.0002666
4.49825	0.0032165	0.0002658
4.49759	0.0030685	0.0002715
4.49693	0.0032545	0.0002553
4.49626	0.0033318	0.0002671
4.4956	0.0028254	0.000276
4.49493	0.0030307	0.000267
4.49427	0.0030347	0.0002609
4.49361	0.0024045	0.0002814
4.49294	0.0027445	0.0002655
4.49228	0.0023892	0.0002577
4.49161	0.0030841	0.0003028
4.49095	0.0028905	0.0002941
4.49028	0.0026009	0.0002737
4.48962	0.0029791	0.0002782
4.48895	0.0031795	0.0002831
4.48829	0.0029361	0.000261
4.48763	0.0031073	0.0002646
4.48696	0.002556	0.0002712
4.4863	0.0031216	0.0002731
4.48563	0.0030585	0.0002605
4.48497	0.0030572	0.0002645
4.48431	0.002596	0.0002666
4.48364	0.0030877	0.0002657
4.48298	0.0031464	0.0002712
4.48232	0.0027971	0.0002641
4.48165	0.0029863	0.000266
4.48099	0.0028142	0.0002582
4.48032	0.0032724	0.0002649
4.47966	0.0025896	0.0002593
4.47899	0.0030075	0.000271
4.47833	0.0038437	0.0002722
4.47767	0.0032105	0.0002573
4.477	0.0036419	0.0002721
4.47634	0.0028027	0.0002611
4.47567	0.0027447	0.0002722
4.47501	0.0031783	0.000269
4.47434	0.0028157	0.0002617
4.47368	0.0030808	0.0002643
4.47301	0.0027527	0.0002701
4.47235	0.0028948	0.0002648
4.47168	0.0030794	0.0002673
4.47102	0.0030301	0.0002716
4.47036	0.002804	0.000273
4.46969	0.0031121	0.0002769
4.46903	0.0032779	0.000276
4.46836	0.0029803	0.000269
4.4677	0.0028713	0.0002734
4.46703	0.0030057	0.0002623
4.46637	0.0030462	0.0002716
4.4657	0.0029056	0.0002795
4.46503	0.003253	0.0002738
4.46438	0.0032805	0.0002678
4.46371	0.0023066	0.0002717
4.46305	0.0028407	0.000265
4.46238	0.0031586	0.0002582
4.46172	0.003353	0.000269
4.46105	0.0032888	0.0002735
4.46039	0.0032656	0.000278
4.45973	0.0032926	0.0002787
4.45906	0.0028567	0.0002764
4.4584	0.0030142	0.0002739
4.45773	0.0031087	0.0002552
4.45707	0.0024846	0.0002643
4.4564	0.0027688	0.0002786
4.45574	0.0026215	0.0002654
4.45507	0.0029053	0.0002625
4.45441	0.0025171	0.0002656
4.45374	0.0027627	0.0002684
4.45308	0.0029667	0.0002539
4.45242	0.0033423	0.0002634
4.45175	0.0030161	0.0002735
4.45109	0.0029878	0.0002632
4.45042	0.0028347	0.0002654
4.44976	0.0029502	0.0002769
4.44909	0.0030127	0.0002713
4.44843	0.0031299	0.0002696
4.44776	0.0032301	0.0002764
4.4471	0.0032318	0.000268
4.44643	0.0025397	0.0002666
4.44577	0.0028591	0.0002688
4.44511	0.0031202	0.0002743
4.44444	0.0031452	0.000277
4.44378	0.0032827	0.0002716
4.44311	0.0028715	0.000265
4.44245	0.0034187	0.0002765
4.44178	0.0030336	0.0002785
4.44112	0.0030821	0.0002748
4.44045	0.0032774	0.0002792
4.43979	0.0026996	0.0002617
4.43912	0.0029878	0.0002767
4.43846	0.003013	0.0002638
4.43779	0.0030371	0.0002758
4.43713	0.0031092	0.0002766
4.43646	0.0034434	0.0002683
4.4358	0.003017	0.0002789
4.43513	0.0029145	0.0002748
4.43447	0.0028174	0.0002544
4.4338	0.0030397	0.0002717
4.43314	0.0035397	0.000275
4.43248	0.0028689	0.0002719
4.43181	0.0032385	0.0002782
4.43114	0.002855	0.0002758
4.43048	0.0025019	0.0002715
4.42981	0.0032022	0.0002653
4.42914	0.0028836	0.0002746
4.42848	0.0025917	0.0002686
4.42782	0.0028889	0.0002722
4.42715	0.0030164	0.000269
4.42649	0.0031088	0.000264
4.42582	0.0028213	0.0002748
4.42516	0.0029189	0.0002565
4.42449	0.0035959	0.000281
4.42383	0.0037029	0.0002844
4.42316	0.0030102	0.000271
4.4225	0.0032974	0.0002711
4.42184	0.0033572	0.0002725
4.42117	0.0032191	0.0002814
4.4205	0.003398	0.0002674
4.41984	0.003379	0.0002699
4.41918	0.0036803	0.0002727
4.41851	0.0027199	0.0002728
4.41784	0.0028363	0.0002693
4.41718	0.0031036	0.0002774
4.41651	0.0033087	0.0002803
4.41585	0.0030933	0.0002698
4.41518	0.0030345	0.0002739
4.41452	0.0032136	0.000274
4.41385	0.0031909	0.0002623
4.41319	0.002681	0.0002599
4.41252	0.0028902	0.0002765
4.41186	0.0025485	0.0002576
4.41119	0.0030099	0.0002747
4.41053	0.0031058	0.0002626
4.40986	0.0030032	0.0002695
4.4092	0.0029844	0.000265
4.40853	0.0034515	0.0002791
4.40787	0.0034267	0.0002814
4.4072	0.0026065	0.000279
4.40654	0.003304	0.000279
4.40587	0.0032606	0.0002635
4.4052	0.0024571	0.0002718
4.40454	0.0034423	0.0002733
4.40388	0.0031536	0.0002748
4.40321	0.0027286	0.0002643
4.40255	0.0032418	0.0002795
4.40188	0.0030168	0.0002724
4.40121	0.0031044	0.000261
4.40055	0.0026417	0.0002674
4.39989	0.0025961	0.0002751
4.39922	0.0032392	0.0002728
4.39855	0.0029437	0.0002758
4.39789	0.0029469	0.0002774
4.39722	0.0031779	0.0002697
4.39656	0.0028053	0.0002764
4.39589	0.0025635	0.000276
4.39523	0.0028417	0.000262
4.39456	0.0028037	0.0002555
4.3939	0.0027731	0.0002715
4.39323	0.0024625	0.0002644
4.39257	0.0028901	0.0002844
4.3919	0.0032532	0.0002774
4.39124	0.0027712	0.000271
4.39057	0.0032986	0.0002754
4.3899	0.0034157	0.0002902
4.38924	0.0028128	0.0002608
4.38857	0.0030622	0.0002716
4.38791	0.0031958	0.0002796
4.38724	0.0030426	0.0002862
4.38658	0.0025413	0.0002789
4.38591	0.0026053	0.0002685
4.38525	0.0030625	0.0002758
4.38458	0.0024212	0.0002653
4.38391	0.0030721	0.0002833
4.38325	0.0029101	0.0002821
4.38258	0.0024161	0.0002774
4.38192	0.0028129	0.0002711
4.38125	0.0033452	0.0002722
4.38059	0.0037053	0.0002833
4.37992	0.0034043	0.0002801
4.37926	0.0028381	0.0002807
4.37859	0.0029817	0.000285
4.37792	0.0030196	0.0002805
4.37726	0.0028241	0.0002782
4.3766	0.0027919	0.0002775
4.37593	0.0033184	0.0002797
4.37526	0.002412	0.000259
4.3746	0.0027554	0.00027
4.37393	0.0036383	0.0002808
4.37327	0.0032357	0.000283
4.3726	0.0033321	0.0002867
4.37193	0.0030004	0.0002558
4.37127	0.0031736	0.0002613
4.3706	0.0025907	0.0002704
4.36994	0.0027069	0.0002894
4.36927	0.003102	0.0002831
4.36861	0.0027509	0.0002749
4.36794	0.002623	0.0002667
4.36728	0.002976	0.0002824
4.36661	0.0032367	0.0002757
4.36595	0.003164	0.0002883
4.36528	0.0029404	0.0002802
4.36461	0.0031955	0.0002763
4.36395	0.0027146	0.0002801
4.36328	0.0026737	0.0002796
4.36262	0.0024478	0.0002792
4.36195	0.0033102	0.0002716
4.36128	0.0028264	0.0002722
4.36062	0.0024963	0.000264
4.35995	0.0029691	0.0002699
4.35929	0.0025389	0.0002799
4.35862	0.002956	0.0002787
4.35796	0.0028353	0.0002686
4.35729	0.0029811	0.0002777
4.35662	0.0030415	0.0002797
4.35596	0.0030049	0.0002775
4.35529	0.0031374	0.0002739
4.35463	0.003047	0.0002736
4.35396	0.0023373	0.0002771
4.35329	0.0024915	0.0002719
4.35263	0.0032333	0.0002874
4.35196	0.0028787	0.0002698
4.3513	0.0033578	0.0002686
4.35063	0.003011	0.0002726
4.34997	0.003501	0.0002598
4.3493	0.0034522	0.0002834
4.34863	0.0030636	0.00027
4.34797	0.0025461	0.0002757
4.3473	0.0032508	0.000282
4.34664	0.0033812	0.0002776
4.34597	0.0026054	0.000277
4.3453	0.0032831	0.0002817
4.34464	0.0024008	0.0002792
4.34397	0.0028166	0.0002793
4.3433	0.0032359	0.0002778
4.34264	0.0028643	0.0002714
4.34197	0.0030105	0.0002766
4.34131	0.0026721	0.0002768
4.34064	0.0027265	0.0002828
4.33997	0.0032259	0.0002785
4.33931	0.0032594	0.0002708
4.33864	0.0034716	0.0002693
4.33797	0.0032029	0.0002745
4.33731	0.0028225	0.000267
4.33665	0.0025475	0.0002807
4.33598	0.0027982	0.0002765
4.33531	0.0027978	0.0002725
4.33465	0.0030986	0.0002773
4.33398	0.0024647	0.0002652
4.33332	0.0028411	0.0002868
4.33265	0.0026967	0.0002804
4.33198	0.0028308	0.0002767
4.33132	0.0033212	0.0002898
4.33065	0.002619	0.000272
4.32998	0.0032664	0.0002736
4.32932	0.0033217	0.0002855
4.32865	0.0027576	0.0002858
4.32799	0.003025	0.0002795
4.32732	0.002866	0.0002873
4.32665	0.0026422	0.0002818
4.32599	0.0034202	0.0002816
4.32532	0.0024363	0.0002766
4.32466	0.0036788	0.000288
4.32399	0.0029064	0.0002838
4.32332	0.0024532	0.0002813
4.32266	0.0029362	0.0002822
4.32199	0.0027083	0.000278
4.32132	0.0031532	0.0002924
4.32066	0.0031666	0.0003002
4.31999	0.0027746	0.0002842
4.31933	0.0031494	0.0002857
4.31866	0.0030207	0.0002841
4.31799	0.00235	0.0002718
4.31733	0.0028222	0.0002967
4.31666	0.0031862	0.0002913
4.31599	0.0029081	0.0002797
4.31532	0.0028708	0.0002802
4.31466	0.0029826	0.0002893
4.314	0.003385	0.0002782
4.31333	0.002893	0.0002845
4.31266	0.0034341	0.0002892
4.312	0.0031721	0.0002808
4.31133	0.0028145	0.0002847
4.31066	0.0025112	0.0002775
4.31	0.002942	0.0002821
4.30933	0.0029351	0.0002715
4.30866	0.0031292	0.000279
4.308	0.003104	0.0002865
4.30733	0.0028018	0.0002725
4.30666	0.0030922	0.000277
4.306	0.0031245	0.0002866
4.30533	0.0027915	0.0002801
4.30467	0.0031568	0.0002833
4.304	0.0028253	0.000285
4.30333	0.0028955	0.0002879
4.30267	0.0030526	0.0002823
4.302	0.0034122	0.0002846
4.30134	0.0028294	0.0002708
4.30067	0.0032698	0.0002928
4.3	0.0025323	0.0002807
4.29934	0.0030944	0.0002902
4.29867	0.0026478	0.0002877
4.298	0.0033698	0.0002821
4.29533	0.0030717	0.0002804
4.29467	0.0032434	0.0002885
4.294	0.0027059	0.0002742
4.29333	0.0026413	0.0002698
4.29267	0.0028115	0.0002819
4.292	0.0028607	0.0002866
4.29134	0.0029969	0.0002793
4.29067	0.0030067	0.0002776
4.29	0.0030646	0.0002801
4.28934	0.0024982	0.0002771
4.28867	0.0029176	0.0002865
4.288	0.0031795	0.0002903
4.28734	0.0029579	0.0002849
4.28667	0.0028795	0.0002843
4.286	0.0025779	0.0002813
4.28534	0.0030646	0.000289
4.28467	0.0032057	0.0003004
4.284	0.0027263	0.0002728
4.28334	0.0023594	0.000286
4.28267	0.0030951	0.0002818
4.282	0.0029255	0.0002903
4.28134	0.0031485	0.0002741
4.28067	0.00284	0.0002906
4.28	0.002569	0.0002944
4.27934	0.0028436	0.0002873
4.27867	0.0032703	0.000281
4.278	0.0031796	0.000285
4.27734	0.0027579	0.0002846
4.27667	0.0030527	0.000292
4.27601	0.0036771	0.0002818
4.27533	0.0028149	0.0002805
4.27467	0.0032126	0.0002898
4.274	0.0026712	0.0002832
4.27334	0.0032851	0.0002751
4.27267	0.0031489	0.0002919
4.272	0.0030844	0.0002884
4.27133	0.0026606	0.000274
4.27067	0.0029678	0.000279
4.27	0.0028571	0.000283
4.26933	0.003134	0.0002747
4.26867	0.0028872	0.0002939
4.268	0.0030611	0.0002785
4.26733	0.0026807	0.0002958
4.26667	0.0025434	0.000284
4.266	0.0028628	0.0002607
4.26533	0.0031074	0.0002807
4.26467	0.0028972	0.0002895
4.264	0.0032716	0.0002956
4.26333	0.0030475	0.0002951
4.26266	0.0030416	0.0003045
4.262	0.0030808	0.000289
4.26133	0.0027755	0.0002937
4.26066	0.0031088	0.0002846
4.26	0.0033002	0.0002852
4.25933	0.0026797	0.0002897
4.25867	0.0036521	0.0002851
4.258	0.0032923	0.0002897
4.25733	0.0033605	0.0002974
4.25666	0.0033556	0.0002894
4.25599	0.0026887	0.0002918
4.25533	0.0029711	0.0002956
4.25466	0.0032059	0.0002798
4.25399	0.0034285	0.0002884
4.25333	0.0036549	0.0002924
4.25266	0.0029596	0.0002934
4.25199	0.0032442	0.0002892
4.25133	0.0026659	0.0002932
4.25066	0.0027649	0.0002648
4.24999	0.0033464	0.0002815
4.24932	0.0029543	0.0002883
4.24866	0.0028806	0.0002832
4.24799	0.0032227	0.0002976
4.24732	0.0029177	0.000273
4.24666	0.0023338	0.0002735
4.24599	0.0034197	0.0002915
4.24532	0.003148	0.0002991
4.24466	0.0028806	0.0003019
4.24399	0.0032424	0.0003024
4.24332	0.0028315	0.0002961
4.24265	0.0029275	0.0002996
4.24199	0.0032968	0.000306
4.24131	0.0024596	0.0002847
4.24065	0.0032574	0.0003097
4.23999	0.002623	0.0002972
4.23932	0.0033056	0.0002978
4.23865	0.0021994	0.0002843
4.23798	0.0032051	0.0003028
4.23732	0.002558	0.0002748
4.23665	0.0025264	0.0002981
4.23598	0.0035652	0.0002982
4.23531	0.0027925	0.0002982
4.23464	0.0025097	0.0002932
4.23398	0.0023372	0.0003007
4.23331	0.0030231	0.000307
4.23264	0.0027893	0.0003052
4.23198	0.0031191	0.0002986
4.23131	0.002843	0.000299
4.23064	0.0028971	0.0002985
4.22997	0.0027115	0.0003052
4.22931	0.0024185	0.0003023
4.22864	0.0028651	0.0003016
4.22798	0.0029827	0.0003067
4.22731	0.0023077	0.0002967
4.22664	0.0033809	0.0002877
4.22597	0.0027296	0.0003043
4.22531	0.002852	0.0002994
4.22464	0.0030017	0.0002972
4.22397	0.0027718	0.0003005
4.2233	0.002864	0.0002983
4.22263	0.0034716	0.0002972
4.22197	0.002734	0.0003009
4.2213	0.0029612	0.0002977
4.22063	0.0030387	0.0003023
4.21997	0.003038	0.0002971
4.2193	0.0030434	0.0003015
4.21863	0.0026267	0.0002922
4.21797	0.0027337	0.0003108
4.2173	0.0031418	0.0003068
4.21663	0.0031296	0.0002999
4.21596	0.0032489	0.0003087
4.21529	0.002888	0.0003021
4.21462	0.0030237	0.000301
4.21396	0.0034659	0.0003113
4.21329	0.0023379	0.0002907
4.21262	0.0030984	0.000316
4.21196	0.0030175	0.0003118
4.21129	0.0034736	0.0003055
4.21062	0.0028838	0.0003107
4.20995	0.0030073	0.0003075
4.20928	0.0027608	0.0002993
4.20862	0.0027701	0.0002951
4.20795	0.0033882	0.0002949
4.20728	0.0033468	0.0002966
4.20661	0.0031913	0.0002982
4.20595	0.0030499	0.0003152
4.2053	0.0022209	0.0003043
4.20461	0.0029261	0.0003144
4.20394	0.002971	0.000305
4.20328	0.0028709	0.0003065
4.20261	0.0033561	0.0003115
4.20194	0.0023923	0.0003128
4.20127	0.0028357	0.0003111
4.20061	0.0029154	0.0003082
4.19994	0.0025402	0.0003078
4.19927	0.0029437	0.0003004
4.1986	0.0029246	0.0003084
4.19794	0.0029946	0.000301
4.19727	0.0031814	0.0003121
4.1966	0.003271	0.0003144
4.19593	0.0033338	0.0003189
4.19526	0.0031525	0.0003213
4.1946	0.0027997	0.0003129
4.19393	0.0033495	0.000283
4.19326	0.0029283	0.0003069
4.1926	0.0029471	0.0003078
4.19193	0.0031404	0.0003085
4.19126	0.0028403	0.0003006
4.19059	0.002875	0.0003207
4.18992	0.0027784	0.0002948
4.18926	0.0025126	0.000304
4.18859	0.0029997	0.0003033
4.18792	0.0027411	0.0003085
4.18725	0.0023562	0.0003005
4.18658	0.0029209	0.0003059
4.18592	0.0035372	0.0003088
4.18525	0.0028807	0.000316
4.18458	0.0030024	0.0002944
4.18391	0.0027745	0.0002969
4.18324	0.0023034	0.0003094
4.18258	0.0028713	0.0002997
4.18191	0.0028164	0.0002937
4.18124	0.0032414	0.0003162
4.18057	0.0027099	0.0003034
4.1799	0.0031305	0.000305
4.17924	0.0027165	0.0003142
4.17857	0.0032771	0.000303
4.1779	0.0036554	0.0003076
4.17723	0.0027933	0.0003098
4.17657	0.003083	0.0003021
4.17589	0.0032527	0.0003208
4.17523	0.0032424	0.0003205
4.17456	0.0033059	0.0003197
4.17389	0.0033141	0.0003263
4.17322	0.0034441	0.0003202
4.17256	0.0025885	0.0003132
4.17189	0.0031048	0.0002993
4.17122	0.002987	0.0003091
4.17055	0.0028073	0.0003092
4.16989	0.0025361	0.0003103
4.16922	0.0029602	0.0003181
4.16855	0.0027911	0.0003179
4.16788	0.0026461	0.000305
4.16721	0.0032833	0.0002998
4.16655	0.003312	0.0003172
4.16588	0.0024011	0.0003071
4.16521	0.0024821	0.0002996
4.16454	0.0032819	0.0003183
4.16387	0.0029102	0.000305
4.16321	0.0028162	0.0003096
4.16254	0.0030889	0.0003107
4.16187	0.0033313	0.0003032
4.1612	0.00309	0.0003151
4.16053	0.0028032	0.0003118
4.15987	0.0025208	0.0003175
4.1592	0.0031038	0.0003272
4.15853	0.0028924	0.0003091
4.15786	0.0029524	0.0003109
4.15719	0.0030274	0.0003125
4.15652	0.0028298	0.0003257
4.15585	0.0029397	0.0003378
4.15519	0.0024818	0.0003079
4.15452	0.0031238	0.0003265
4.15385	0.002826	0.000321
4.15318	0.0030502	0.0003267
4.15251	0.0023364	0.0002983
4.15185	0.0029282	0.0003188
4.15118	0.0026154	0.0003012
4.15051	0.0023559	0.0003113
4.14984	0.0029683	0.0003223
4.14917	0.0025984	0.0003122
4.14851	0.0028843	0.0003166
4.14784	0.0029628	0.0003202
4.14717	0.0031329	0.0003177
4.1465	0.002765	0.00029
4.14583	0.0027083	0.000302
4.14516	0.0031182	0.0003072
4.1445	0.0030748	0.0003196
4.14383	0.0027955	0.0003112
4.14316	0.0031821	0.0003149
4.14249	0.0031623	0.0003154
4.14182	0.0022889	0.0003155
4.14116	0.0027631	0.0003204
4.14048	0.0031032	0.0003133
4.13982	0.0025029	0.0003135
4.13915	0.0030594	0.0003068
4.13848	0.0029841	0.0003172
4.13781	0.0024836	0.0003053
4.13714	0.0028335	0.0003152
4.13647	0.0031376	0.0003231
4.13581	0.0029909	0.0003149
4.13514	0.0038574	0.000321
4.13447	0.0029652	0.0003206
4.1338	0.0033329	0.0003141
4.13313	0.0030757	0.0003389
4.13246	0.0032632	0.0003181
4.1318	0.0030663	0.0003249
4.13113	0.002557	0.0003079
4.13046	0.0031473	0.0003228
4.12979	0.0027368	0.0003041
4.12912	0.0024536	0.0003217
4.12846	0.0028281	0.0003154
4.12779	0.0035807	0.000316
4.12712	0.002542	0.0003144
4.12645	0.0030483	0.0003125
4.12578	0.0027234	0.0003164
4.12511	0.0027793	0.0003336
4.12445	0.0032472	0.0003272
4.12378	0.0028237	0.0003114
4.12311	0.0029071	0.0003136
4.12244	0.0028645	0.0003134
4.12177	0.0025791	0.0003223
4.1211	0.002695	0.0003295
4.12043	0.0029937	0.000319
4.11976	0.0027662	0.000312
4.11909	0.0036973	0.0003391
4.11843	0.0035567	0.0003298
4.11776	0.0030273	0.0003258
4.11709	0.0029646	0.0003159
4.11642	0.0030632	0.0003272
4.11575	0.003627	0.0003145
4.11508	0.002721	0.0003156
4.11442	0.0027463	0.0003125
4.11375	0.0026377	0.0003003
4.11308	0.0031687	0.0003233
4.11241	0.0024564	0.0003095
4.11174	0.0032669	0.0003266
4.11107	0.002723	0.0003053
4.1104	0.0028593	0.0003229
4.10973	0.0032453	0.0003268
4.10907	0.0032764	0.0003322
4.1084	0.0022928	0.0003206
4.10773	0.0032024	0.0003198
4.10706	0.0030653	0.0003206
4.10639	0.0030706	0.0003142
4.10572	0.002828	0.0003141
4.10505	0.0030171	0.0003253
4.10438	0.0025308	0.0003154
4.10372	0.0027316	0.0003268
4.10305	0.0026555	0.0003101
4.10238	0.0030611	0.000318
4.10171	0.0027146	0.0003112
4.10104	0.0026629	0.0003198
4.10037	0.0034383	0.0003206
4.0997	0.0030798	0.0003228
4.09904	0.0028706	0.0003245
4.09837	0.0025815	0.0003198
4.0977	0.0030161	0.0003122
4.09703	0.0035013	0.0003218
4.09636	0.003143	0.0003277
4.09569	0.002814	0.000334
4.09502	0.0027112	0.0003094
4.09435	0.0025798	0.0003269
4.09368	0.0028513	0.0003118
4.09302	0.0028162	0.0003291
4.09235	0.0032356	0.0003168
4.09168	0.0026528	0.0003228
4.09101	0.0032539	0.0003422
4.09034	0.0025257	0.0003264
4.08967	0.0033591	0.0003275
4.089	0.0031832	0.000332
4.08833	0.0036661	0.0003103
4.08766	0.0030051	0.0003168
4.087	0.0028584	0.0003258
4.08633	0.002802	0.000341
4.08566	0.0034832	0.0003438
4.08499	0.0028591	0.0003312
4.08432	0.0027479	0.0003344
4.08365	0.0034659	0.0003344
4.08298	0.003762	0.0003479
4.08231	0.0025841	0.0003348
4.08165	0.00329	0.0003303
4.08097	0.0029303	0.0003336
4.08031	0.0029071	0.0003308
4.07964	0.002555	0.0003173
4.07897	0.0033294	0.0003506
4.0783	0.0033534	0.0003336
4.07763	0.0028467	0.0003507
4.07696	0.0025525	0.0003391
4.07629	0.0027018	0.0003144
4.07562	0.0023313	0.0003257
4.07495	0.0030398	0.0003222
4.07428	0.0030684	0.0003194
4.07361	0.0026842	0.0003321
4.07295	0.0024498	0.0003199
4.07228	0.0031774	0.0003308
4.07161	0.0031816	0.0003218
4.07094	0.0031788	0.0003228
4.07027	0.003292	0.0003082
4.0696	0.0029801	0.0003282
4.06893	0.0029549	0.0003189
4.0676	0.0030472	0.0003183
4.06693	0.0028116	0.0003308
4.06625	0.0033276	0.0003235
4.06559	0.0030447	0.000332
4.06492	0.0025333	0.0003207
4.06425	0.0031388	0.0003071
4.06358	0.0030591	0.0003391
4.06291	0.0027389	0.0003291
4.06224	0.0028205	0.000332
4.06157	0.0029076	0.000334
4.0609	0.003275	0.0003396
4.06024	0.0032315	0.0003199
4.05956	0.0027723	0.0003187
4.05889	0.0030874	0.0003381
4.05823	0.0034377	0.0003314
4.05756	0.002766	0.0003109
4.05689	0.0024058	0.0003247
4.05622	0.0022485	0.0003122
4.05555	0.0031206	0.0003219
4.05488	0.0038548	0.0003422
4.05421	0.0029193	0.0003273
4.05354	0.0026903	0.0003318
4.05287	0.0031406	0.0003283
4.0522	0.0033259	0.0003423
4.05153	0.002672	0.0003258
4.05086	0.0031321	0.0003493
4.05019	0.0030152	0.0003322
4.04952	0.0034215	0.0003325
4.04885	0.0030131	0.0003419
4.04819	0.0024598	0.0003253
4.04752	0.0026124	0.0003178
4.04685	0.0032235	0.0003157
4.04618	0.0025744	0.0003205
4.04551	0.0030316	0.0003296
4.04484	0.0024904	0.0003299
4.04417	0.0029725	0.0003363
4.0435	0.0038073	0.0003325
4.04283	0.0033574	0.0003277
4.04216	0.0030969	0.000338
4.04149	0.0027081	0.0003311
4.04082	0.0025117	0.0003374
4.04015	0.0033103	0.0003168
4.03948	0.0024188	0.0003332
4.03881	0.0032804	0.0003215
4.03814	0.0025838	0.0003299
4.03748	0.0028062	0.000347
4.03681	0.0028453	0.0003297
4.03614	0.0032975	0.0003327
4.03547	0.0030265	0.0003283
4.0348	0.0031111	0.0003379
4.03413	0.0035009	0.0003443
4.03346	0.0028578	0.0003234
4.03279	0.0029799	0.0003322
4.03212	0.0028192	0.0003302
4.03145	0.0029746	0.0003475
4.03078	0.0027643	0.0003292
4.03011	0.003184	0.0003365
4.02944	0.0034099	0.0003459
4.02877	0.0036312	0.0003436
4.0281	0.0029481	0.0003315
4.02743	0.0027491	0.0003421
4.02676	0.0022786	0.0003398
4.02609	0.0033373	0.0003423
4.02542	0.0033351	0.000345
4.02476	0.0020943	0.0003387
4.02408	0.0022006	0.0003501
4.02342	0.0025657	0.0003595
4.02274	0.0025684	0.0003405
4.02208	0.0030931	0.0003392
4.02141	0.0025362	0.0003369
4.02074	0.0036003	0.0003358
4.02007	0.0030023	0.000326
4.0194	0.0023914	0.0003128
4.01873	0.0028416	0.0003445
4.01806	0.0030076	0.0003449
4.01739	0.0021661	0.0003469
4.01672	0.0029931	0.0003401
4.01605	0.0028758	0.0003403
4.01538	0.0029184	0.0003382
4.01471	0.0025486	0.000337
4.01404	0.0022713	0.0003249
4.01337	0.0027763	0.0003309
4.0127	0.0032529	0.000344
4.01203	0.0029318	0.0003404
4.01136	0.0031293	0.0003363
4.01069	0.0033776	0.0003452
4.01002	0.0032711	0.0003379
4.00935	0.0020425	0.000308
4.00868	0.0030065	0.0003434
4.00801	0.0034717	0.0003739
4.00734	0.003271	0.0003479
4.00667	0.0029364	0.0003528
4.006	0.0025832	0.0003356
4.00533	0.0028504	0.0003498
4.00467	0.0025729	0.0003375
4.00399	0.0024045	0.0003492
4.00332	0.0030279	0.0003387
4.00265	0.0028031	0.0003097
4.00198	0.0030472	0.000328
4.00132	0.0031898	0.0003391
4.00064	0.0025885	0.0003465
3.99998	0.0028208	0.0003441
3.99931	0.0023071	0.0003512
3.99864	0.0034474	0.0003415
3.99796	0.0034317	0.0003452
3.99729	0.0025063	0.000331
3.99662	0.0033064	0.0003587
3.99596	0.0029288	0.000338
3.99528	0.0028849	0.0003518
3.99462	0.0031507	0.0003666
3.99395	0.0027877	0.0003593
3.99328	0.003597	0.0003496
3.9926	0.0030609	0.0003497
3.99194	0.0030198	0.0003437
3.99127	0.0029652	0.0003336
3.9906	0.0027569	0.0003512
3.98993	0.0029084	0.000352
3.98926	0.0030908	0.0003492
3.98858	0.0026388	0.0003341
3.98792	0.0027583	0.0003478
3.98725	0.0027457	0.0003471
3.98658	0.0027123	0.0003418
3.98591	0.0030647	0.0003669
3.98524	0.0020883	0.0003717
3.98456	0.0027159	0.0003469
3.9839	0.0032395	0.0003587
3.98323	0.003226	0.0003674
3.98256	0.0022515	0.0003442
3.98189	0.002689	0.0003459
3.98121	0.0029552	0.0003651
3.98055	0.0031046	0.0003578
3.97988	0.0029455	0.0003592
3.97921	0.0031928	0.0003557
3.97853	0.002694	0.0003275
3.97787	0.0034636	0.0003557
3.9772	0.0032316	0.0003441
3.97653	0.0032121	0.000343
3.97586	0.0023635	0.0003495
3.97519	0.0025289	0.0003569
3.97451	0.0029751	0.0003655
3.97384	0.0029567	0.0003614
3.97318	0.0023074	0.0003435
3.9725	0.0027129	0.0003468
3.97183	0.0024316	0.0003424
3.97116	0.0028336	0.0003371
3.97049	0.0027925	0.000349
3.96982	0.0031543	0.0003484
3.96916	0.003171	0.0003467
3.96848	0.003089	0.000348
3.96781	0.0027185	0.000341
3.96714	0.0021488	0.000341
3.96647	0.0029959	0.0003577
3.9658	0.0022231	0.000339
3.96513	0.0028918	0.0003518
3.96446	0.0029448	0.0003457
3.96379	0.0026106	0.0003585
3.96312	0.0028786	0.0003462
3.96245	0.0030324	0.0003333
3.96178	0.0031438	0.0003313
3.96111	0.0027772	0.0003368
3.96044	0.0028867	0.0003534
3.95977	0.003415	0.0004011
3.9591	0.0026327	0.0003573
3.95843	0.0024132	0.0003493
3.95776	0.0028964	0.0003675
3.95709	0.0032726	0.000342
3.95642	0.0031012	0.0003609
3.95575	0.0022992	0.0003531
3.95508	0.0029612	0.0003407
3.95441	0.0032905	0.0003439
3.95374	0.0028052	0.000353
3.95307	0.0029578	0.0003451
3.9524	0.0029432	0.0003568
3.95173	0.003175	0.0003493
3.95106	0.0026493	0.000326
3.95039	0.0031215	0.0003439
3.94972	0.0034495	0.0003516
3.94904	0.0027814	0.0003502
3.94838	0.0032233	0.0003702
3.9477	0.0030207	0.0003554
3.94703	0.0028824	0.0003693
3.94636	0.0030403	0.0003758
3.94569	0.0031596	0.0003633
3.94502	0.0028476	0.0003535
3.94435	0.0024238	0.0003514
3.94368	0.0031488	0.0003619
3.94301	0.0032137	0.0003567
3.94234	0.0026653	0.0003456
3.94167	0.003104	0.0003533
3.941	0.0024757	0.000373
3.94033	0.0023868	0.0003621
3.93966	0.0027853	0.0003715
3.93899	0.0029638	0.000351
3.93832	0.002913	0.0003701
3.93765	0.0030159	0.0003689
3.93697	0.0032932	0.0003668
3.93631	0.0031841	0.0003499
3.93564	0.0035012	0.0003656
3.93497	0.0023777	0.0003717
3.9343	0.0027871	0.0003597
3.93363	0.0027129	0.0003571
3.93295	0.00288	0.0003584
3.93228	0.0022362	0.0003611
3.93161	0.0030494	0.0003659
3.93094	0.0032349	0.0003634
3.93027	0.0028166	0.0003592
3.9296	0.0031049	0.0003654
3.92893	0.0030111	0.0003792
3.92759	0.003657	0.0003622
3.92692	0.0028371	0.0003581
3.92625	0.0027889	0.000351
3.92558	0.0029829	0.0003676
3.92491	0.0029836	0.0003576
3.92424	0.0028883	0.0003742
3.92357	0.0025793	0.0003518
3.92289	0.0028004	0.0003449
3.92222	0.003009	0.0003558
3.92155	0.0034525	0.0003671
3.92088	0.002957	0.0003699
3.92021	0.0029698	0.0003645
3.91954	0.0025708	0.0003507
3.91887	0.0032509	0.0003668
3.9182	0.0028382	0.0003688
3.91753	0.0029348	0.000363
3.91686	0.003232	0.0003627
3.91619	0.0032132	0.0003626
3.91552	0.0032521	0.0003648
3.91485	0.0031908	0.0003584
3.91418	0.0030494	0.0003629
3.91351	0.0028746	0.000347
3.91283	0.0027626	0.0003598
3.91216	0.0029085	0.0003597
3.91149	0.0026351	0.0003568
3.91082	0.0032708	0.0003561
3.91015	0.0033646	0.0003588
3.90948	0.0023561	0.0003725
3.90881	0.0035446	0.00038
3.90814	0.0026905	0.0003548
3.90747	0.002838	0.0003807
3.90679	0.0032648	0.000363
3.90613	0.0027521	0.0003708
3.90546	0.0028834	0.0003633
3.90479	0.0033165	0.0003753
3.90411	0.0021077	0.0003392
3.90344	0.0033591	0.000364
3.90277	0.0033961	0.0003754
3.9021	0.0026188	0.0003668
3.90143	0.0036456	0.0003755
3.90076	0.0032294	0.0003866
3.90009	0.003443	0.0003703
3.89942	0.0030015	0.0003612
3.89875	0.0033144	0.0003767
3.89807	0.0031875	0.0003841
3.89741	0.0032109	0.0003682
3.89673	0.0025457	0.0003796
3.89606	0.0030709	0.000377
3.89539	0.0032256	0.0003682
3.89472	0.0032623	0.0003661
3.89405	0.0034705	0.0003645
3.89338	0.0031675	0.0003619
3.89271	0.003529	0.0003977
3.89204	0.0027868	0.0003626
3.89137	0.0025305	0.000369
3.89069	0.002498	0.000362
3.89002	0.0029759	0.0003719
3.88935	0.002723	0.0003588
3.88868	0.0033745	0.0003832
3.88801	0.0027961	0.000361
3.88734	0.0028903	0.0003678
3.88667	0.0026939	0.0003689
3.886	0.0026801	0.0003631
3.88533	0.0030798	0.0003787
3.88465	0.0027513	0.0003777
3.88398	0.0031727	0.0003786
3.88331	0.0028775	0.0003798
3.88264	0.0027195	0.0003515
3.88197	0.0037553	0.0003782
3.8813	0.0020569	0.0003498
3.88063	0.0028946	0.0003741
3.87996	0.0025655	0.0003737
3.87929	0.0034395	0.0003786
3.87862	0.0033815	0.0003563
3.87794	0.0027212	0.0003709
3.87727	0.0026313	0.0003775
3.8766	0.0036963	0.0003804
3.87593	0.0032068	0.0003818
3.87526	0.003343	0.0003121
3.87459	0.0028327	0.0003802
3.87392	0.0021689	0.0003612
3.87325	0.0027327	0.0003752
3.87257	0.0031359	0.0003718
3.8719	0.0023941	0.0003643
3.87123	0.0028469	0.0003729
3.87056	0.0038954	0.0003916
3.86989	0.0031699	0.000386
3.86922	0.0037718	0.0003742
3.86855	0.0030206	0.0003677
3.86788	0.0031248	0.0003803
3.8672	0.0028668	0.0003661
3.86653	0.0029981	0.0003477
3.86586	0.0029368	0.0003548
3.86519	0.0031496	0.0003805
3.86452	0.0032725	0.0004033
3.86385	0.0028999	0.0003943
3.86317	0.0032588	0.000396
3.86251	0.0032104	0.0003724
3.86183	0.0030772	0.0003894
3.86116	0.0028025	0.0003724
3.86049	0.002991	0.0003754
3.85982	0.0028329	0.0003606
3.85915	0.0030891	0.0003861
3.85848	0.0031849	0.0003841
3.85781	0.0027837	0.0003971
3.85714	0.0031122	0.0003748
3.85646	0.00359	0.000364
3.85579	0.0030141	0.0003752
3.85512	0.0025576	0.0003819
3.85445	0.0034626	0.0004138
3.85378	0.0025039	0.0004012
3.85311	0.0038874	0.0003549
3.85244	0.0033568	0.0003842
3.85176	0.0028997	0.0003615
3.85109	0.0021212	0.0003733
3.85042	0.0031343	0.0003745
3.84975	0.0027535	0.0003469
3.84908	0.0022578	0.0003593
3.8484	0.0031102	0.0003803
3.84774	0.00265	0.0003869
3.84706	0.0027178	0.0003671
3.84639	0.002986	0.0003846
3.84572	0.0029037	0.0003879
3.84505	0.0033946	0.0003828
3.84438	0.0030037	0.0003875
3.8437	0.0028549	0.000371
3.84304	0.0022721	0.0003688
3.84236	0.002806	0.000379
3.84169	0.0028932	0.0003781
3.84102	0.0025986	0.0003851
3.84035	0.002828	0.0003768
3.83968	0.0027308	0.0003765
3.839	0.0028969	0.0003797
3.83833	0.0030431	0.0003883
3.83766	0.002836	0.0003758
3.83699	0.0028114	0.0003873
3.83632	0.003019	0.0003701
3.83565	0.0034897	0.0003704
3.83498	0.0032816	0.0003816
3.83431	0.0033653	0.000394
3.83363	0.0021793	0.0003781
3.83296	0.0030585	0.0003731
3.83229	0.0031244	0.0003754
3.83162	0.0031277	0.0003824
3.83095	0.0026807	0.0003842
3.83028	0.0031701	0.0003758
3.82961	0.0023962	0.0003776
3.82893	0.003482	0.000376
3.82826	0.0027816	0.0003563
3.82759	0.0030401	0.0003869
3.82692	0.0029387	0.0003849
3.82625	0.0041539	0.0003986
3.82557	0.0038629	0.0004141
3.8249	0.0027167	0.0003497
3.82423	0.0028903	0.0003947
3.82356	0.0037956	0.0003832
3.71787	0.0023215	0.0003856
3.71653	0.003884	0.000374
3.71585	0.0025705	0.0003786
3.71518	0.0024256	0.0003165
3.7145	0.0029559	0.0003816
3.71383	0.0032643	0.0003729
3.71316	0.0025803	0.000387
3.71249	0.0030831	0.0003718
3.71181	0.0027698	0.0003932
3.71114	0.0029844	0.0003776
3.71047	0.0031931	0.000396
3.7098	0.0028926	0.0003919
3.70913	0.0028718	0.0003878
3.70845	0.0032063	0.0003965
3.70778	0.0027615	0.0003785
3.70711	0.0027528	0.0003979
3.70643	0.0029034	0.0003749
3.70576	0.003099	0.0003757
3.70509	0.0034067	0.0003894
3.70442	0.0025952	0.0003757
3.70374	0.0027795	0.0003912
3.70307	0.0033868	0.0003856
3.70172	0.0030433	0.0003853
3.70105	0.0027705	0.0003732
3.70038	0.0034696	0.000413
3.69971	0.0031318	0.0003792
3.69903	0.0029981	0.0003854
3.69836	0.0027919	0.0003802
3.69769	0.0025496	0.0003958
3.69701	0.0031183	0.0004265
3.69634	0.0035367	0.0003844
3.69567	0.0032415	0.000377
3.695	0.0032152	0.0003746
3.69432	0.0031939	0.0003878
3.69365	0.0029003	0.0003811
3.69298	0.0026992	0.0003848
3.6923	0.0029134	0.0003753
3.69163	0.0024615	0.0004046
3.69096	0.0038114	0.0003967
3.69028	0.0026571	0.0003762
3.68961	0.0035355	0.0003891
3.68894	0.0031068	0.0004228
3.68826	0.0027951	0.0003876
3.68759	0.0032829	0.0003812
3.68692	0.0031395	0.0003877
3.68625	0.0031356	0.0003912
3.68557	0.0026057	0.0003765
3.6849	0.002993	0.000394
3.68423	0.0032064	0.0003925
3.68355	0.0032742	0.0003798
3.68288	0.0039397	0.0003652
3.68221	0.0027373	0.0003811
3.68153	0.0027922	0.0003813
3.68086	0.0025964	0.0003794
3.68019	0.0031715	0.0003995
3.67817	0.0027919	0.0003905
3.6775	0.002434	0.0003924
3.67682	0.0024227	0.0003993
3.67615	0.0024543	0.0003916
3.67548	0.0031684	0.0004059
3.6748	0.0020532	0.0003787
3.67413	0.0030986	0.0003812
3.67346	0.0025723	0.0003798
3.67278	0.0028212	0.0003888
3.67211	0.003224	0.0003998
3.67144	0.002893	0.0003975
3.67076	0.0027114	0.0003755
3.67009	0.0030477	0.0004034
3.66942	0.0027937	0.0003952
3.66875	0.0033717	0.0004086
3.66807	0.0028787	0.0003874
3.6674	0.0029644	0.0003971
3.66672	0.0035233	0.0004142
3.66538	0.0037561	0.0004119
3.66471	0.0035415	0.0004007
3.66403	0.003235	0.0004089
3.66336	0.0031941	0.0004197
3.66268	0.0030594	0.0004172
3.66201	0.003548	0.0004088
3.66134	0.0030133	0.0004046
3.66067	0.0027667	0.0004087
3.65999	0.0031774	0.0004012
3.65932	0.002976	0.0004153
3.65798	0.0028939	0.0004227
3.6573	0.0032362	0.0004224
3.65662	0.0032235	0.0004223
3.65595	0.0030668	0.000401
3.65528	0.0029466	0.0004045
3.6546	0.002957	0.0004055
3.65393	0.0025698	0.0004156
3.65326	0.0029254	0.000392
3.65258	0.0025537	0.0004034
3.65192	0.0025068	0.0004133
3.65124	0.0032664	0.0004105
3.65057	0.003221	0.0003998
3.64989	0.0021652	0.0003405
3.64922	0.0026915	0.0003936
3.64854	0.0029116	0.0004128
3.64787	0.0028327	0.0004027
3.64653	0.002849	0.0003906
3.64518	0.0028032	0.0004015
3.64383	0.0029414	0.0004199
3.64316	0.0022421	0.0004084
3.64248	0.0032855	0.0004093
3.64181	0.0031396	0.000429
3.64114	0.0026434	0.0004183
3.64047	0.0027686	0.0004322
3.63979	0.003324	0.0004266
3.63844	0.0038606	0.0004123
3.63777	0.0028469	0.0004196
3.6371	0.0026226	0.0004329
3.63643	0.0030392	0.0004179
3.63575	0.0030489	0.0004224
3.63508	0.0029948	0.0004084
3.6344	0.0026938	0.0003946
3.63373	0.0021768	0.0004242
3.63306	0.0034781	0.0004226
3.63238	0.0039225	0.0004299
3.63171	0.0031302	0.0004219
3.63104	0.0030475	0.0004163
3.63036	0.0028675	0.0004214
3.62969	0.0028647	0.0004074
3.62901	0.0031221	0.0004172
3.62834	0.0030574	0.0004387
3.62767	0.0030378	0.0004236
3.62699	0.0024947	0.00041
3.62632	0.0020989	0.0004206
3.62564	0.0031091	0.0004219
3.62497	0.0028867	0.0003964
3.6243	0.00345	0.0004204
3.62363	0.0033188	0.0004243
3.62295	0.0022744	0.000398
3.62228	0.0032395	0.0004143
3.62161	0.0030741	0.0004125
3.62093	0.0030567	0.0004255
3.62026	0.0029635	0.0004239
3.61958	0.0030519	0.0004046
3.61892	0.0023276	0.0003944
3.61824	0.0027039	0.0004159
3.61756	0.0036838	0.0004142
3.61689	0.0029498	0.000421
3.61622	0.002223	0.0004226
3.61554	0.0033563	0.0004228
3.61487	0.0028712	0.0004135
3.6142	0.0037013	0.0004153
3.61352	0.0024624	0.0004172
3.61285	0.003471	0.0004278
3.61218	0.0028027	0.0004284
3.6115	0.0026851	0.0004172
3.61082	0.0036744	0.0004325
3.60948	0.0040737	0.0004338
3.6088	0.0032166	0.0004266
3.60813	0.0030567	0.0004415
3.60746	0.0023245	0.000416
3.60678	0.0032263	0.0004317
3.60544	0.0021048	0.0004229
3.60476	0.0025411	0.0004367
3.60409	0.0035252	0.0004585
3.60341	0.0025243	0.0004255
3.60274	0.0032588	0.0004181
3.60207	0.0041684	0.0004481
3.60139	0.0028233	0.000437
3.60072	0.0036485	0.0004425
3.60005	0.0040516	0.000417
3.59937	0.0022782	0.0004197
3.5987	0.0032658	0.0004266
3.59802	0.0031727	0.0004221
3.59735	0.0030369	0.0004404
3.59668	0.0027752	0.0004252
3.596	0.0026415	0.0004294
3.59533	0.0025328	0.0004364
3.59465	0.0027512	0.0004423
3.59398	0.0027513	0.0004356
3.59331	0.0031311	0.0004223
3.59263	0.003338	0.0004343
3.59196	0.0031958	0.0004529
3.59128	0.0026532	0.0004484
3.59061	0.0026446	0.0004322
3.58994	0.0036197	0.000442
3.58926	0.0031669	0.0004219
3.58859	0.0025561	0.0004155
3.58791	0.0031267	0.0004498
3.58724	0.0034839	0.0004218
3.58657	0.0033829	0.0004267
3.58589	0.0031755	0.0004166
3.58522	0.0029517	0.0004273
3.58454	0.0033645	0.0004174
3.58387	0.003017	0.0004427
3.5832	0.0028222	0.0004456
3.58252	0.0029241	0.0004189
3.58185	0.0035248	0.0004361
3.58118	0.0028491	0.0003743
3.5805	0.0035321	0.0004382
3.57983	0.0034845	0.0004488
3.57916	0.0026098	0.0004117
3.57848	0.0036183	0.0004463
3.57781	0.0031744	0.0004379
3.57713	0.0026268	0.0004342
3.57646	0.003124	0.0004486
3.57578	0.0032836	0.0004495
3.57511	0.0026674	0.0004487
3.57443	0.0024005	0.0004268
3.57376	0.0031027	0.0004381
3.57309	0.0028324	0.0004445
3.57241	0.0030664	0.0004287
3.57174	0.0019786	0.0004245
3.57106	0.0025225	0.0004149
3.57039	0.0032662	0.0004169
3.56972	0.002334	0.000426
3.56904	0.0033291	0.0004628
3.56837	0.0031592	0.0004521
3.56769	0.002733	0.0004231
3.56702	0.00316	0.0004269
3.56635	0.0027949	0.0004336
3.56567	0.0034809	0.0004324
3.565	0.0025639	0.0004363
3.56432	0.0023107	0.0004354
3.56365	0.0032755	0.0004433
3.56297	0.0029541	0.0004223
3.5623	0.0029918	0.0004332
3.56163	0.0026481	0.0004353
3.56095	0.0027477	0.0004598
3.56028	0.0030414	0.0004386
3.5596	0.0023971	0.0004297
3.55893	0.0021367	0.0004316
3.55826	0.0030239	0.000459
3.55758	0.0035733	0.0004619
3.55691	0.0025429	0.0004383
3.55623	0.0028975	0.0004678
3.55556	0.003324	0.0004338
3.55421	0.0025713	0.0004271
3.55353	0.0030029	0.0004431
3.55286	0.0028944	0.000448
3.55219	0.0023216	0.0004388
3.55151	0.0034953	0.0004718
3.55084	0.0028176	0.0004675
3.55016	0.003413	0.000415
3.54949	0.003022	0.0004941
3.54881	0.0038256	0.0004581
3.54814	0.0036189	0.000462
3.54747	0.0031983	0.0004599
3.54679	0.001688	0.0004623
3.54612	0.0030485	0.0004684
3.54544	0.0023901	0.0004562
3.54477	0.0030269	0.0004396
3.5441	0.0020925	0.0004593
3.54342	0.003357	0.0004653
3.54275	0.0028455	0.0004753
3.54208	0.0026876	0.0004558
3.5414	0.0033874	0.0004498
3.54072	0.0028558	0.0004584
3.54005	0.0024798	0.000459
3.53938	0.002286	0.0004525
3.5387	0.0025659	0.0004691
3.53803	0.0034707	0.0004737
3.53735	0.002957	0.0004564
3.53668	0.0025581	0.0004383
3.536	0.0024552	0.0004637
3.53465	0.0032981	0.0004578
3.53398	0.0024587	0.0004215
3.5333	0.0025061	0.0004499
3.53263	0.0025884	0.0004749
3.53196	0.0026775	0.0004813
3.53128	0.0026323	0.0004569
3.53061	0.0033929	0.0004567
3.52993	0.0028894	0.0004591
3.52926	0.0033433	0.0004367
3.52858	0.0028525	0.0004455
3.52791	0.0034035	0.0004842
3.52724	0.0026079	0.0004662
3.52656	0.00307	0.0004467
3.52588	0.0036089	0.0004249
3.52521	0.0033712	0.0004279
3.52454	0.0026397	0.0004522
3.52386	0.0029078	0.0004568
3.52319	0.0024692	0.0004534
3.52252	0.0033845	0.0004866
3.52184	0.003325	0.0004447
3.52117	0.0026979	0.0004368
3.52049	0.0029108	0.0004304
3.51981	0.0023017	0.0004636
3.51914	0.0029146	0.0004509
3.51847	0.0025236	0.0004729
3.51779	0.0027534	0.0004799
3.51712	0.0027229	0.000457
3.51644	0.0031906	0.0004692
3.51577	0.0025939	0.0004595
3.51509	0.0022576	0.0004428
3.51442	0.0034582	0.0004686
3.51374	0.0036195	0.0004812
3.51307	0.0033247	0.00048
3.51239	0.0033062	0.0004966
3.51172	0.0029547	0.0004698
3.51104	0.0025005	0.0004322
3.51037	0.0029331	0.0004496
3.50969	0.0032696	0.00042
3.50902	0.0019453	0.0004392
3.50834	0.0026858	0.0004816
3.50767	0.0030961	0.0004789
3.507	0.0024514	0.0004334
3.50632	0.0035921	0.0004598
3.50565	0.0030705	0.000449
3.50497	0.0034867	0.0004396
3.5043	0.0031598	0.0004542
3.50295	0.0029707	0.0004641
3.50227	0.0021113	0.0004242
3.5016	0.0028602	0.0004923
3.50093	0.0029833	0.0004582
3.50025	0.0024491	0.000434
3.49958	0.0024864	0.00044
3.4989	0.0036417	0.0004862
3.49755	0.0026233	0.0004469
3.49688	0.0023937	0.0004565
3.49621	0.0027086	0.0004563
3.49553	0.0037971	0.0004742
3.49418	0.0027796	0.0004617
3.4935	0.0031615	0.0004528
3.49283	0.0027636	0.0004507
3.49215	0.0030621	0.000478
3.49148	0.0031829	0.0004909
3.49081	0.0041297	0.0004654
3.49013	0.0028709	0.0004657
3.48945	0.0035076	0.0004779
3.48878	0.0039045	0.0004706
3.4881	0.0026449	0.0004564
3.48743	0.0031458	0.0004317
3.48676	0.0037682	0.0004493
3.48608	0.0028867	0.0004569
3.48541	0.0035917	0.0004531
3.48473	0.0031974	0.0004837
3.48406	0.0033488	0.0004794
3.48338	0.0036275	0.0004896
3.48271	0.003024	0.0004606
3.48203	0.0026169	0.000444
3.48136	0.0033795	0.0004578
3.48068	0.0028743	0.000474
3.48001	0.0034275	0.0004678
3.47933	0.0023184	0.0004864
3.47866	0.0029196	0.0004843
3.47798	0.0027631	0.0004741
3.47731	0.0024164	0.0004599
3.47663	0.0026557	0.000443
3.47596	0.0029721	0.0004568
3.47528	0.0035319	0.0004707
3.47461	0.0033083	0.0004882
3.47393	0.0032788	0.0004994
3.47326	0.0015739	0.0004262
3.47258	0.0021614	0.0004846
3.47191	0.0018931	0.0004462
3.47123	0.0029473	0.0004556
3.47056	0.0029852	0.0004424
3.46988	0.0033848	0.0004717
3.46921	0.0033509	0.0004815
3.46853	0.0026455	0.0004702
3.46786	0.0027513	0.0004773
3.46718	0.0032814	0.00048
3.46651	0.0031729	0.0004762
3.46583	0.0028123	0.0004402
3.46516	0.0028506	0.0004978
3.46448	0.0029053	0.0004808
3.46381	0.0034324	0.0004716
3.46313	0.002496	0.0004704
3.46246	0.0024832	0.0004742
3.46178	0.00328	0.000445
3.46111	0.0022013	0.0004733
3.46043	0.0031387	0.0005034
3.45976	0.0028677	0.0005054
3.45908	0.003475	0.0004615
3.45773	0.0027514	0.0004655
3.45706	0.0034664	0.0004603
3.45638	0.0038715	0.0004866
3.45571	0.00307	0.0004801
3.45503	0.0022375	0.0004697
3.45436	0.0030817	0.0005041
3.45368	0.0034501	0.0005113
3.45301	0.0020308	0.0004557
3.45233	0.0047831	0.0004858
3.45166	0.0029326	0.0004894
3.45098	0.0022365	0.0004736
3.45031	0.0022172	0.0004547
3.44963	0.0032972	0.0004607
3.44895	0.0034471	0.0005036
3.44828	0.0028421	0.0005066
3.44761	0.002634	0.0004583
3.44693	0.0034383	0.0004603
3.44626	0.0023121	0.0004687
3.44558	0.0033665	0.0004833
3.4449	0.0032555	0.0004598
3.44423	0.0028288	0.0005
3.44355	0.0028191	0.0004875
3.44288	0.002745	0.0004888
3.44221	0.0031284	0.0004787
3.44085	0.003174	0.0004673
3.44018	0.0032866	0.0004868
3.4395	0.0020014	0.000463
3.43883	0.0036502	0.0004829
3.43815	0.0027631	0.0004487
3.43748	0.0036413	0.0004148
3.4368	0.0026804	0.000474
3.43613	0.00304	0.0004783
3.43545	0.0032611	0.0005101
3.43477	0.003569	0.0004921
3.4341	0.0036521	0.0004831
3.43275	0.0034053	0.000493
3.43207	0.0033969	0.0004696
3.4314	0.0035716	0.000496
3.43073	0.0029425	0.0004775
3.43005	0.0028333	0.0004443
3.42937	0.0031621	0.0004826
3.4287	0.0022881	0.0004665
3.42802	0.0016953	0.0004855
3.42735	0.0023845	0.0004662
3.42667	0.004198	0.0005031
3.426	0.0031819	0.0005051
3.42532	0.0026836	0.0004859
3.42464	0.0028203	0.0004855
3.42397	0.0038041	0.0005035
3.4233	0.0029662	0.0004948
3.42262	0.0038009	0.00053
3.42194	0.0027481	0.0004782
3.42127	0.0023483	0.0004922
3.42059	0.0030162	0.0004888
3.41992	0.0029093	0.0005027
3.41924	0.0029563	0.0005122
3.41857	0.0036845	0.0004723
3.41789	0.003431	0.0004598
3.41722	0.0029349	0.0004973
3.41654	0.0035553	0.0004306
3.41587	0.00323	0.0005165
3.41519	0.0030737	0.0005228
3.41451	0.0029323	0.0005079
3.41384	0.0030389	0.0004966
3.41316	0.0034145	0.000477
3.41249	0.0027856	0.0004736
3.41181	0.002843	0.0004775
3.41114	0.0034244	0.0004968
3.41046	0.0031318	0.0004769
3.40979	0.0028199	0.0004797
3.40911	0.0015253	0.0005031
3.40843	0.0027478	0.0004921
3.40776	0.0031899	0.0005165
3.40708	0.0025654	0.0005037
3.40641	0.0033432	0.0004984
3.40573	0.0022647	0.0004908
3.40506	0.00281	0.000494
3.40438	0.002923	0.0004825
3.40371	0.0029207	0.0004761
3.40303	0.0031806	0.0005135
3.40236	0.0030398	0.0005212
3.40168	0.0040905	0.0005009
3.40101	0.002816	0.0005026
3.40033	0.0032672	0.0004961
3.39965	0.0033381	0.0004586
3.39898	0.0031969	0.0004897
3.3983	0.0028607	0.0004954
3.39763	0.0029887	0.0004641
3.39695	0.0022172	0.0004872
3.39628	0.0020054	0.0005021
3.3956	0.0033225	0.000529
3.39492	0.0025165	0.0005026
3.39425	0.003066	0.0004811
3.39357	0.002849	0.0004792
3.3929	0.0030092	0.0004844
3.39222	0.0031077	0.0004806
3.39155	0.0028522	0.0004747
3.39087	0.0030833	0.0004915
3.39019	0.0022286	0.0004744
3.38952	0.0044058	0.0005142
3.38884	0.0028312	0.0004877
3.38817	0.0031969	0.0005024
3.38749	0.0019377	0.0004512
3.38682	0.0026401	0.0004784
3.38614	0.0030555	0.0005113
3.38546	0.0024701	0.0005074
3.38412	0.0026717	0.0005034
3.38344	0.002694	0.0005102
3.38276	0.0034138	0.0005054
3.38209	0.0029139	0.00048
3.38141	0.0033072	0.0005117
3.38074	0.0026902	0.0004883
3.38006	0.0026448	0.0005046
3.37938	0.0028963	0.0004998
3.37871	0.00323	0.0005028
3.37804	0.0039778	0.0005099
3.37736	0.0030574	0.0005136
3.37668	0.0027149	0.0005002
3.37601	0.002759	0.0005139
3.37533	0.0024211	0.0004525
3.37398	0.0022501	0.0004731
3.3733	0.0037339	0.0005117
3.37195	0.0028581	0.0005132
3.37128	0.0030861	0.0005099
3.3706	0.0028395	0.0004852
3.36992	0.0028107	0.0005359
3.36925	0.0031529	0.0004937
3.36857	0.0034521	0.0005029
3.3679	0.0026209	0.0004308
3.36722	0.0026252	0.0004776
3.36654	0.0030903	0.0005087
3.36519	0.0018909	0.0004953
3.36452	0.0025659	0.0005239
3.36384	0.0025578	0.0005047
3.36316	0.0038142	0.0004832
3.36249	0.0034321	0.0005073
3.36181	0.002091	0.0004786
3.36114	0.0029514	0.0005022
3.36046	0.0028912	0.0005056
3.35979	0.0026478	0.0005011
3.35911	0.0038563	0.0004957
3.35843	0.0032288	0.0005208
3.35776	0.0037987	0.0005157
3.35708	0.0030216	0.0005117
3.35641	0.0024969	0.0005214
3.35573	0.0032012	0.0005489
3.35506	0.0027961	0.0005144
3.35438	0.0025309	0.0004839
3.3537	0.0027722	0.0005057
3.35303	0.0028133	0.0004702
3.35235	0.0032563	0.0005084
3.35168	0.0031718	0.0005136
3.351	0.0029679	0.0005211
3.35032	0.0029798	0.0005521
3.34965	0.0031355	0.0005378
3.34897	0.0021004	0.00047
3.34829	0.0034984	0.0004963
3.34762	0.0028088	0.0004978
3.34694	0.0025372	0.0005085
3.34627	0.0037354	0.0005351
3.34559	0.0032897	0.000491
3.34492	0.0029094	0.0004801
3.34424	0.0024421	0.0004943
3.34356	0.002602	0.0005161
3.34289	0.0028412	0.000531
3.34221	0.003276	0.0005264
3.34154	0.0033338	0.000502
3.34086	0.003013	0.0005537
3.34019	0.0031935	0.0005232
3.33951	0.0024451	0.0004734
3.33883	0.0029746	0.0005015
3.33816	0.0033671	0.0004951
3.33748	0.0029449	0.0004867
3.3368	0.0025438	0.0004898
3.33613	0.0035811	0.0005288
3.33545	0.0025656	0.0005476
3.33478	0.0028646	0.0005261
3.3341	0.0024649	0.0005048
3.33342	0.0026577	0.0004761
3.33275	0.0034804	0.0005049
3.33207	0.0033482	0.0004792
3.3314	0.0025368	0.0005139
3.33072	0.0028966	0.0005152
3.33004	0.0027017	0.0005196
3.32937	0.0019334	0.0005143
3.32869	0.002985	0.0005341
3.32802	0.0025032	0.0005153
3.32666	0.0023728	0.000501
3.32599	0.003411	0.0005071
3.32531	0.0027708	0.0004908
3.32463	0.002581	0.000506
3.32396	0.0036059	0.0005291
3.32328	0.0028515	0.0005016
3.32193	0.0026717	0.0005075
3.32125	0.0027216	0.0004909
3.32058	0.0037327	0.0005232
3.3199	0.0022791	0.0005025
3.31923	0.0024498	0.0004899
3.31855	0.0041911	0.0005339
3.31787	0.0030236	0.0005325
3.3172	0.002609	0.0005237
3.31652	0.003244	0.000521
3.31584	0.0025979	0.0004114
3.31517	0.0025875	0.000478
3.31449	0.0025571	0.0004851
3.31381	0.0019815	0.0004965
3.31314	0.0020673	0.0005769
3.31246	0.0028844	0.0005241
3.31179	0.0027921	0.0005076
3.31111	0.0020727	0.0005111
3.31044	0.0017171	0.000529
3.30976	0.0040658	0.0005437
3.30908	0.0026086	0.0005204
3.3084	0.0028591	0.0005191
3.30774	0.0027987	0.0005164
3.30705	0.0028256	0.0005277
3.30638	0.0025828	0.0005343
3.3057	0.0024432	0.0005208
3.30502	0.002711	0.0005214
3.30435	0.0027705	0.0004411
3.30367	0.0030945	0.0005362
3.30299	0.0030445	0.0005086
3.30232	0.0028137	0.0005427
3.30164	0.0025243	0.0004987
3.30097	0.0036956	0.0005084
3.30029	0.0021732	0.000507
3.29961	0.0037822	0.0005144
3.29894	0.002188	0.0005431
3.29826	0.0019828	0.0004981
3.29758	0.0025832	0.0005308
3.29691	0.0029778	0.0005197
3.29623	0.0027252	0.0004361
3.29556	0.0028977	0.0004997
3.29488	0.0031802	0.0005129
3.2942	0.0034312	0.00052
3.29352	0.0029719	0.0005183
3.29285	0.0025099	0.0005199
3.29217	0.0025774	0.0005122
3.2915	0.0025263	0.000511
3.29082	0.0029876	0.0005217
3.29014	0.0036381	0.0005582
3.28946	0.0027034	0.0005333
3.28879	0.0026645	0.0005225
3.28811	0.0023985	0.0004686
3.28744	0.002728	0.0005093
3.28676	0.0029012	0.0004785
3.28609	0.0028758	0.0005147
3.28541	0.0026036	0.0005301
3.28473	0.0024013	0.0005174
3.28405	0.0034576	0.0005295
3.28338	0.0026059	0.0005228
3.2827	0.0033193	0.0005511
3.28202	0.0029652	0.0005488
3.28135	0.0036233	0.000539
3.28067	0.0027215	0.0005216
3.28	0.0025825	0.0004877
3.27932	0.003168	0.0005265
3.27864	0.0021545	0.0004501
3.27797	0.0028652	0.0005096
3.27729	0.0027958	0.0005358
3.27661	0.002407	0.0005096
3.27594	0.0033511	0.0005534
3.27526	0.0029235	0.0005563
3.27458	0.0030254	0.0005394
3.27391	0.0023898	0.0005253
3.27323	0.0030054	0.0005248
3.27255	0.003058	0.000482
3.27188	0.0032297	0.0005089
3.2712	0.0030237	0.0005404
3.27052	0.0034981	0.0005274
3.26985	0.0025387	0.0005159
3.26918	0.0035675	0.0005434
3.26849	0.0036179	0.00054
3.26782	0.0033703	0.000557
3.26714	0.0023428	0.0005333
3.26647	0.0027937	0.0005079
3.26579	0.0038239	0.0005285
3.26511	0.0031154	0.0005151
3.26444	0.0038611	0.000523
3.26308	0.0035137	0.0005659
3.26241	0.0031697	0.0005183
3.26173	0.0029555	0.000533
3.26105	0.001758	0.0004635
3.26038	0.003862	0.0005746
3.2597	0.0034503	0.0005285
3.25902	0.0035611	0.0005491
3.25835	0.002941	0.000522
3.25767	0.0038696	0.0005355
3.25699	0.002572	0.0005146
3.25632	0.0030009	0.0005306
3.25564	0.0030887	0.0005394
3.25496	0.0029612	0.0005402
3.25429	0.0035475	0.0005161
3.25361	0.0030577	0.0005155
3.25293	0.0027574	0.0005419
3.25226	0.0034854	0.00053
3.25158	0.0035418	0.0005504
3.2509	0.0026557	0.0005013
3.25022	0.0028319	0.000561
3.24955	0.0022357	0.0005219
3.24887	0.0032999	0.0005182
3.2482	0.0022826	0.0004688
3.24752	0.0023567	0.0005261
3.24684	0.0038032	0.0005386
3.24617	0.00266	0.0005346
3.24549	0.0027019	0.0005296
3.24481	0.0026015	0.0005038
3.24414	0.003256	0.0005404
3.24346	0.0031671	0.0005349
3.24278	0.0026182	0.0005495
3.2421	0.0034952	0.0005547
3.24143	0.0031734	0.000559
3.24075	0.0025425	0.0005269
3.23939	0.0041551	0.000539
3.23872	0.0036624	0.0005495
3.23804	0.0033817	0.0005615
3.23737	0.0039236	0.0005542
3.23669	0.0021133	0.0004941
3.23601	0.0025889	0.0005402
3.23534	0.0025316	0.0005457
3.23466	0.0019195	0.0005128
3.23398	0.0022652	0.0005389
3.23331	0.0034579	0.0005548
3.23263	0.0027942	0.0005481
3.23195	0.002556	0.0005502
3.23128	0.0027204	0.000544
3.2306	0.0022888	0.000515
3.22992	0.0025838	0.0005303
3.22924	0.0026692	0.000542
3.22857	0.0030636	0.0005169
3.22789	0.0032636	0.000526
3.22721	0.0028603	0.0005344
3.22654	0.0032322	0.0005306
3.22586	0.0030093	0.0005339
3.22518	0.0020671	0.0005088
3.22451	0.0033732	0.0005392
3.22383	0.0036176	0.000535
3.22315	0.0032586	0.0005396
3.22247	0.0030096	0.0005527
3.2218	0.002056	0.0005287
3.22112	0.0026573	0.0005418
3.22045	0.0034939	0.0005486
3.21977	0.0024876	0.0005399
3.21909	0.0027071	0.0005263
3.21842	0.0024209	0.0005414
3.21774	0.0020731	0.0005143
3.21706	0.0028546	0.000526
3.21638	0.0029295	0.0005259
3.21571	0.0031282	0.0005496
3.21503	0.0032543	0.0005374
3.21435	0.0026506	0.0005691
3.21368	0.002983	0.0005427
3.213	0.0031825	0.0005935
3.21232	0.0024566	0.0005055
3.21164	0.0032583	0.0005085
3.21097	0.0020221	0.0004944
3.21029	0.0022589	0.0004765
3.20961	0.0029277	0.0004978
3.20893	0.0026773	0.000521
3.20826	0.0033079	0.0005151
3.20758	0.0037828	0.0005465
3.20691	0.0028279	0.0005706
3.20623	0.0026736	0.0005478
3.20555	0.0026261	0.0005366
3.20488	0.0022567	0.000552
3.2042	0.0035317	0.0005493
3.20352	0.0023444	0.0005284
3.20284	0.0025058	0.0005011
3.20149	0.0025719	0.0005292
3.20081	0.0024191	0.0005269
3.20013	0.0021767	0.0005317
3.19946	0.0024005	0.0005463
3.19878	0.0032321	0.000567
3.1981	0.0032289	0.0005343
3.19743	0.0025249	0.0005647
3.19675	0.002884	0.0005091
3.19607	0.0034812	0.0005383
3.1954	0.0027789	0.0005414
3.19472	0.002484	0.0005798
3.19404	0.0024361	0.0005516
3.19269	0.0029801	0.0005429
3.19201	0.0034103	0.0005346
3.19133	0.0032016	0.0005499
3.19066	0.0038653	0.000573
3.18998	0.0025228	0.0005111
3.1893	0.0032105	0.0005721
3.18862	0.0025631	0.0005562
3.18795	0.0023191	0.0005433
3.18727	0.0027565	0.0005506
3.18659	0.0024084	0.0004736
3.18591	0.0027342	0.0005465
3.18524	0.0026381	0.0005346
3.18456	0.0036993	0.0005687
3.18388	0.0033864	0.0005668
3.18321	0.0040211	0.0006121
3.18253	0.0034218	0.0005496
3.18185	0.0022039	0.000528
3.18117	0.0030752	0.0005567
3.17846	0.0040317	0.0005688
3.17779	0.0027933	0.0005646
3.17711	0.0025676	0.0005337
3.17643	0.0029572	0.0005509
3.17576	0.0027296	0.0005248
3.17508	0.0019534	0.0005289
3.1744	0.0024647	0.0005502
3.17373	0.0030334	0.0005553
3.17305	0.0016462	0.0004799
3.17237	0.0023074	0.000565
3.17169	0.0025784	0.0004961
3.17102	0.0043584	0.000581
3.17034	0.0034814	0.0006022
3.16966	0.002925	0.0005651
3.16898	0.003784	0.0005626
3.1683	0.0023917	0.0005451
3.16763	0.0030673	0.0005589
3.16695	0.0028811	0.0005379
3.16627	0.001953	0.000535
3.1656	0.0027355	0.0005734
3.16492	0.0029874	0.0005558
3.16424	0.0027545	0.0005572
3.16357	0.0030083	0.0005531
3.16289	0.0038379	0.0005571
3.16221	0.0030863	0.0005542
3.16153	0.0034263	0.0005678
3.16086	0.0044002	0.0005673
3.16018	0.0025013	0.0005455
3.1595	0.0022251	0.0005318
3.15815	0.0030953	0.0005644
3.15747	0.0031437	0.0005477
3.15679	0.0023852	0.0005576
3.15611	0.0024838	0.000591
3.15544	0.0024335	0.0005665
3.15476	0.0029769	0.0005607
3.15408	0.0025504	0.000541
3.15341	0.0038258	0.0005812
3.15273	0.0029427	0.0005749
3.15205	0.0030115	0.0006077
3.15137	0.0020134	0.0005797
3.15069	0.0034864	0.0005573
3.15002	0.0021603	0.0005317
3.14934	0.0026089	0.0005461
3.14866	0.0020293	0.0005274
3.14798	0.0019901	0.0005355
3.1473	0.0025062	0.0005417
3.14663	0.0024518	0.0005273
3.14595	0.0030477	0.0005683
3.14527	0.0030167	0.0005594
3.1446	0.0023221	0.0005402
3.14392	0.0030899	0.0005502
3.14324	0.0019835	0.000539
3.14256	0.0017042	0.0005642
3.14189	0.0036304	0.0005951
3.14121	0.0027608	0.0005921
3.14053	0.0029053	0.0005552
3.13986	0.0031393	0.0005744
3.13918	0.0022486	0.0005393
3.1385	0.0030472	0.0005848
3.13782	0.0031217	0.0005559
3.13714	0.0028051	0.0005578
3.13647	0.0030344	0.0004818
3.13579	0.0024617	0.000559
3.13511	0.0025191	0.0005424
3.13443	0.0042767	0.0006083
3.13376	0.0030579	0.0005954
3.13308	0.0035729	0.0005986
3.1324	0.0028845	0.0005956
3.13105	0.0036656	0.0005892
3.13037	0.0029499	0.0005621
3.12969	0.0040293	0.0005762
3.12901	0.0014553	0.0006019
3.12833	0.0020699	0.0005063
3.12766	0.0028607	0.0005525
3.12698	0.0041853	0.0005791
3.1263	0.0026693	0.0005469
3.12562	0.0033993	0.0005763
3.12495	0.0030304	0.0005825
3.12427	0.0029691	0.000585
3.12359	0.0033166	0.000549
3.12292	0.0034655	0.000583
3.12224	0.0027742	0.0005872
3.12156	0.0037752	0.0005845
3.12088	0.003474	0.000592
3.12021	0.0029814	0.0005858
3.11953	0.0030706	0.0005689
3.11682	0.0037071	0.0005924
3.11614	0.0022317	0.0005156
3.11546	0.0031225	0.0006017
3.11478	0.0036026	0.0005775
3.11411	0.0026099	0.0005596
3.11343	0.0039694	0.0005597
3.11275	0.0032165	0.0005789
3.11207	0.0033961	0.0006029
3.11139	0.0026593	0.0005621
3.11072	0.0026513	0.0005508
3.11004	0.0026219	0.0004503
3.10936	0.0030639	0.0005742
3.10868	0.003181	0.0005819
3.10801	0.0030379	0.0006133
3.10733	0.0034356	0.0005956
3.10665	0.0023374	0.0005684
3.10597	0.0025595	0.0005658
3.10529	0.0024708	0.0005097
3.10462	0.0029894	0.0005877
3.10394	0.0023357	0.0005663
3.10326	0.0015044	0.0005309
3.10258	0.0040371	0.0005871
3.10191	0.0021194	0.0005474
3.10123	0.0023847	0.0005656
3.10055	0.0019933	0.0005379
3.09987	0.00314	0.0005663
3.09919	0.0026121	0.0005621
3.09852	0.0031178	0.0006258
3.09784	0.0024664	0.0006321
3.09716	0.0024756	0.0005614
3.09648	0.0021264	0.000581
3.09581	0.0025182	0.000578
3.09513	0.00305	0.0006153
3.09445	0.0042228	0.0005985
3.09377	0.0030649	0.0005883
3.09309	0.0026533	0.0005779
3.09242	0.0039126	0.0005737
3.09174	0.0028747	0.0005864
3.09106	0.0026859	0.0005812
3.09039	0.0033432	0.0006104
3.08971	0.0028486	0.0005836
3.08903	0.0021489	0.0006142
3.08835	0.0028574	0.00057
3.08767	0.0023958	0.0005855
3.08699	0.0026948	0.0005728
3.08632	0.0027254	0.0005864
3.08564	0.0017201	0.0005549
3.08496	0.0015257	0.0005872
3.08428	0.0029831	0.0005764
3.0836	0.0030111	0.000555
3.08293	0.0025177	0.0005844
3.08157	0.0047732	0.0006114
3.08089	0.0026887	0.000577
3.08022	0.0028313	0.0005554
3.07954	0.0027582	0.0005718
3.07886	0.002885	0.0006188
3.07818	0.002393	0.0006086
3.0775	0.0039902	0.0006241
3.07683	0.0032297	0.0006085
3.07615	0.0028333	0.0005945
3.07547	0.002754	0.0006015
3.07479	0.0023781	0.0005962
3.07411	0.0027429	0.000603
3.07343	0.0025812	0.0005606
3.07276	0.0026743	0.0005798
3.07208	0.0028343	0.0005806
3.0714	0.0032899	0.0005665
3.07072	0.0040777	0.0005734
3.06937	0.0037569	0.0005952
3.06869	0.0024942	0.0005776
3.06801	0.004249	0.0005877
3.06734	0.0035314	0.0006218
3.06666	0.001935	0.0005835
3.06598	0.0028732	0.0005476
3.0653	0.0024897	0.0005836
3.06462	0.0029157	0.000636
3.06394	0.0038547	0.000587
3.06326	0.0034857	0.0005938
3.06259	0.0022756	0.0005535
3.06191	0.0029951	0.0005682
3.06123	0.0024395	0.0005944
3.06055	0.0037252	0.0005795
3.05988	0.0031788	0.000576
3.0592	0.0023327	0.000586
3.05852	0.0025881	0.0006672
3.05784	0.0018634	0.0005645
3.05716	0.0024353	0.0005828
3.05648	0.0029234	0.0006062
3.05581	0.0021117	0.0005723
3.05513	0.0024248	0.0005946
3.05445	0.0032002	0.0006456
3.05377	0.0031664	0.0006276
3.0531	0.0028538	0.0005919
3.05242	0.0029957	0.000564
3.05174	0.0034648	0.0006023
3.05106	0.0023914	0.0006077
3.05038	0.0029337	0.0005852
3.0497	0.004572	0.0005962
3.04903	0.0030425	0.0006058
3.04835	0.0038421	0.0006089
3.04767	0.0032796	0.0005935
3.04699	0.0034543	0.00058
3.04631	0.0017116	0.000566
3.04564	0.003398	0.0006218
3.04496	0.0034218	0.0006107
3.04428	0.0022804	0.0005983
3.0436	0.0045008	0.000609
3.04292	0.0032176	0.0005889
3.04224	0.0044795	0.0006005
3.04156	0.0023517	0.0006042
3.04089	0.0024278	0.0005797
3.04021	0.0035749	0.0005938
3.03953	0.0034221	0.0006221
3.03885	0.0027316	0.0006175
3.03818	0.0041346	0.0005848
3.0375	0.0028605	0.0005893
3.03682	0.0031162	0.0006235
3.03614	0.0027529	0.0006664
3.03546	0.0025276	0.0006365
3.03478	0.0030289	0.0006209
3.03343	0.0033664	0.0006223
3.03275	0.0033849	0.0006185
3.03207	0.0027901	0.0005958
3.03139	0.0028862	0.0006193
3.03072	0.0039292	0.0006493
3.03004	0.0036456	0.0005629
3.02936	0.0032055	0.000641
3.02868	0.0029618	0.0005618
3.02733	0.0028147	0.0005754
3.02665	0.0029108	0.0005894
3.02597	0.0030059	0.0005846
3.02529	0.0027161	0.0005823
3.02461	0.0032249	0.0005868
3.02393	0.0025138	0.0005186
3.02325	0.0034536	0.0006215
3.02258	0.0034433	0.0006157
3.0219	0.0035297	0.0005916
3.02122	0.0033368	0.000606
3.02054	0.0024466	0.0006048
3.01986	0.0031371	0.0006116
3.01918	0.0030514	0.0006054
3.01851	0.0037807	0.0006328
3.01783	0.0029028	0.0005732
3.01647	0.0034101	0.0006033
3.01579	0.0032377	0.000603
3.01511	0.0033511	0.000574
3.01443	0.0030457	0.0006274
3.01376	0.0020492	0.0006129
3.01308	0.0019726	0.0005857
3.0124	0.003738	0.0006177
3.01172	0.0027483	0.0005959
3.01104	0.0030485	0.000531
3.01037	0.003304	0.0005852
3.00969	0.0026914	0.0005915
3.00901	0.0021366	0.0005489
3.00833	0.0029403	0.0005996
3.00765	0.003241	0.0005947
3.00697	0.0034445	0.0006291
3.00629	0.0039468	0.0006686
3.00562	0.0028756	0.0006368
3.00494	0.0035414	0.0006054
3.00426	0.0023024	0.0005721
3.00358	0.0034655	0.0006164
3.0029	0.0027045	0.0005653
3.00223	0.0032565	0.0006009
3.00155	0.0025515	0.0006469
3.00087	0.0033253	0.0006173
3.00019	0.002756	0.0006472
2.99951	0.0019994	0.0006134
2.99883	0.0022991	0.0006125
2.99816	0.0026668	0.000597
2.99748	0.0032815	0.0006364
2.9968	0.0023817	0.0005826
2.99612	0.0034896	0.0006028
2.99544	0.0021797	0.0005826
2.99476	0.0023456	0.0006215
2.99408	0.0039321	0.0006326
2.99341	0.0023188	0.0005912
2.99273	0.0027542	0.0005918
2.99205	0.0035832	0.0006239
2.99137	0.0025194	0.0005951
2.99069	0.0031451	0.0006338
2.99001	0.0030367	0.000653
2.98933	0.0031213	0.0006098
2.98866	0.0034831	0.0006379
2.98798	0.0014902	0.000648
2.9873	0.0044221	0.0006106
2.98662	0.0036599	0.0005842
2.98594	0.0022591	0.0005661
2.98526	0.0030195	0.0005963
2.98459	0.0036634	0.0006147
2.9839	0.0039088	0.0006237
2.98323	0.0033355	0.0006392
2.98119	0.0031008	0.0006062
2.98052	0.0030998	0.0006226
2.97984	0.0025931	0.0006134
2.97916	0.0026602	0.0006019
2.97848	0.0027233	0.0006089
2.9778	0.0021353	0.000617
2.97712	0.0038008	0.0006416
2.97644	0.0030473	0.0006496
2.97576	0.0030557	0.0006482
2.97509	0.002778	0.0006186
2.97441	0.0026517	0.0006239
2.97373	0.0033497	0.0006037
2.97305	0.0028008	0.0006122
2.97237	0.0031102	0.0006224
2.97169	0.002572	0.0006329
2.97101	0.0022732	0.0006379
2.97034	0.0013909	0.0005891
2.96966	0.0025035	0.0005761
2.96898	0.0025308	0.0006005
2.9683	0.0039065	0.0006321
2.96762	0.0021276	0.000656
2.96694	0.0032174	0.000617
2.96627	0.003475	0.0006445
2.96491	0.003232	0.0006125
2.96423	0.0023436	0.0006544
2.96355	0.0017464	0.0006477
2.96287	0.003143	0.0006122
2.96219	0.0026533	0.0006419
2.96151	0.0037805	0.0005875
2.96083	0.0025757	0.0005903
2.96016	0.0029543	0.0006092
2.95948	0.0025074	0.000607
2.9588	0.0023157	0.0005669
2.95812	0.0022376	0.00062
2.95744	0.0027281	0.0006197
2.95676	0.0023272	0.0006439
2.95608	0.0017686	0.0005358
2.9554	0.0041978	0.000704
2.95472	0.0024825	0.0006225
2.95405	0.0044677	0.0006557
2.95337	0.0035064	0.0006294
2.95269	0.0026981	0.0005982
2.95201	0.0032283	0.0006709
2.95133	0.0025601	0.0006463
2.95065	0.0033164	0.0006397
2.94997	0.0027181	0.0005972
2.9493	0.0023854	0.0005927
2.94862	0.0021906	0.0006063
2.94794	0.0025748	0.0006125
2.94726	0.0025488	0.0005967
2.94658	0.0017884	0.0005887
2.9459	0.0030645	0.0006283
2.94522	0.0025661	0.0007025
2.94455	0.003946	0.0006692
2.94387	0.0027929	0.0006392
2.94319	0.0033372	0.0006336
2.94251	0.0029162	0.0006076
2.94183	0.0030468	0.000658
2.94115	0.0037306	0.000667
2.94047	0.0021983	0.0006196
2.9398	0.003261	0.0006575
2.93912	0.0021909	0.0006336
2.93844	0.0030591	0.0005816
2.93776	0.0028186	0.0006306
2.93708	0.0016053	0.0005938
2.9364	0.0031331	0.0005989
2.93572	0.0028545	0.0006353
2.93504	0.0029713	0.0006245
2.93436	0.0019133	0.0006209
2.93368	0.0045098	0.0006979
2.93301	0.0044963	0.0006733
2.93233	0.0038398	0.0006833
2.93165	0.0027532	0.0006659
2.93097	0.0023702	0.0006243
2.93029	0.0024891	0.0005935
2.92961	0.002988	0.0005974
2.92893	0.0030116	0.0006267
2.92825	0.0031206	0.0006513
2.92757	0.0043356	0.0006205
2.9269	0.002681	0.0006434
2.92622	0.0031995	0.0006158
2.92554	0.0020526	0.0005828
2.92486	0.002923	0.0006528
2.92418	0.0031656	0.0006258
2.9235	0.0027373	0.0006711
2.92282	0.0043852	0.0006977
2.92214	0.0031079	0.0006488
2.92147	0.0035762	0.0006963
2.92079	0.0033789	0.0006748
2.92011	0.0039772	0.0006936
2.91943	0.0039331	0.0006723
2.91875	0.0042624	0.0006505
2.91807	0.0018081	0.0006356
2.91739	0.002843	0.0006507
2.91671	0.0025183	0.0006762
2.91603	0.0020077	0.000645
2.91535	0.0034234	0.0006638
2.91467	0.0027493	0.0006776
2.914	0.002531	0.0006491
2.91264	0.0032918	0.0006493
2.91196	0.0023851	0.0006585
2.91128	0.0026466	0.0006682
2.9106	0.0030427	0.0006468
2.90992	0.0017496	0.0005695
2.90924	0.0030143	0.0006587
2.90856	0.0023672	0.0006185
2.90789	0.0043122	0.0006761
2.90721	0.0034208	0.0006961
2.90653	0.0038614	0.0006488
2.90585	0.0033929	0.0006642
2.90517	0.0027494	0.0006212
2.90449	0.0040575	0.0007364
2.90313	0.0047512	0.0007084
2.90245	0.0040363	0.0006641
2.90178	0.0027096	0.0006564
2.9011	0.0031306	0.0006615
2.90042	0.0026958	0.0006531
2.89974	0.0027517	0.0006989
2.89906	0.0025868	0.0006414
2.89838	0.0026832	0.0006414
2.8977	0.0030289	0.0005859
2.89702	0.0026753	0.0006736
2.89635	0.0041249	0.0006399
2.89566	0.002262	0.0006743
2.89499	0.0052045	0.0006539
2.89363	0.0023244	0.0005838
2.89295	0.0019539	0.0006578
2.89227	0.0032719	0.0007045
2.89159	0.003943	0.0006533
2.89091	0.0029943	0.0006593
2.89023	0.0023569	0.0006892
2.88955	0.0030415	0.0006783
2.88887	0.0033822	0.0007074
2.88819	0.003357	0.0007755
2.88752	0.0034656	0.0006795
2.88684	0.0039476	0.0006693
2.88616	0.002963	0.0006691
2.88548	0.0027246	0.0006517
2.8848	0.0030581	0.000641
2.88412	0.0024334	0.0006597
2.88344	0.0026422	0.0006648
2.88276	0.0016367	0.0005995
2.88208	0.0031443	0.0005945
2.8814	0.0032045	0.0006405
2.88072	0.0033483	0.0006886
2.87937	0.003084	0.0007106
2.87869	0.0027863	0.0006762
2.87801	0.0027808	0.0006448
2.87733	0.0035922	0.0006825
2.87665	0.0026654	0.0006823
2.87597	0.0033407	0.0006721
2.87529	0.0036062	0.000684
2.87461	0.0028997	0.0006775
2.87393	0.0023791	0.0006431
2.87325	0.0039199	0.0006753
2.87257	0.0036416	0.0006912
2.87189	0.0025828	0.0006785
2.87122	0.0023944	0.0006542
2.87054	0.0029858	0.0006554
2.86986	0.0023769	0.0006102
2.86918	0.0018255	0.0005964
2.8685	0.002359	0.0006598
2.86782	0.0023362	0.0006472
2.86714	0.0039611	0.0006747
2.86646	0.001661	0.0006273
2.86578	0.0032623	0.0006827
2.8651	0.0044124	0.000732
2.86442	0.0035511	0.0007166
2.86375	0.0039417	0.000672
2.86307	0.0029997	0.000615
2.86239	0.0026755	0.0006722
2.86171	0.0020847	0.0006291
2.86103	0.0028085	0.0006404
2.86035	0.0015316	0.0006692
2.85967	0.0034946	0.0006884
2.85899	0.0021873	0.000652
2.85831	0.0025756	0.0006569
2.85763	0.0030543	0.0006056
2.85695	0.003691	0.0006869
2.85627	0.0030954	0.0006594
2.85559	0.0019941	0.0006377
2.85491	0.0021779	0.0006475
2.85424	0.0033513	0.0006586
2.85356	0.0036341	0.0006896
2.85288	0.0033747	0.000719
2.8522	0.0034794	0.000684
2.85152	0.0021872	0.0006468
2.85084	0.0033402	0.0006494
2.85016	0.0030052	0.0005995
2.8488	0.0020399	0.0006532
2.84812	0.0032354	0.0006581
2.84744	0.0031405	0.0006416
2.84676	0.0023092	0.0006646
2.84609	0.0027156	0.0006372
2.8454	0.0021908	0.0006321
2.84473	0.002374	0.0006296
2.84405	0.0031899	0.0006769
2.84337	0.0026261	0.0006707
2.84269	0.0030707	0.0006693
2.84201	0.0028393	0.0006489
2.84133	0.0036402	0.0006462
2.84065	0.0027194	0.0006672
2.83997	0.0027779	0.0006409
2.83929	0.0029501	0.0006885
2.83861	0.0031898	0.0006589
2.83793	0.0032207	0.0006731
2.83725	0.0028923	0.0006358
2.83657	0.0022662	0.0005718
2.83589	0.0034928	0.000641
2.83521	0.0018862	0.0006756
2.83454	0.0029276	0.0006534
2.83386	0.0031555	0.0006333
2.83318	0.0027679	0.0006449
2.8325	0.0029566	0.000657
2.83182	0.0018449	0.0006216
2.83114	0.0032423	0.000666
2.83046	0.0020075	0.0006415
2.82978	0.0029937	0.0006627
2.8291	0.0022082	0.0006627
2.82842	0.0028127	0.0006464
2.82774	0.00291	0.0006751
2.82706	0.0021051	0.0006892
2.82638	0.0023658	0.0006622
2.8257	0.0038068	0.0006896
2.82502	0.0018668	0.0006802
2.82435	0.0023235	0.0006965
2.82366	0.003292	0.000672
2.82299	0.003845	0.0006342
2.82163	0.003841	0.0006836
2.82095	0.0039348	0.0006331
2.82027	0.0024957	0.000636
2.81959	0.002419	0.0006616
2.81891	0.0035809	0.0006716
2.81823	0.0020577	0.0006522
2.81755	0.0052217	0.0006921
2.81687	0.0028603	0.0006301
2.81619	0.002725	0.0006573
2.81551	0.0023562	0.000647
2.81483	0.0024061	0.0006155
2.81415	0.0025104	0.0005348
2.81347	0.0029625	0.000666
2.81279	0.0037167	0.0006565
2.81212	0.0022187	0.0006634
2.81144	0.002204	0.0006628
2.81076	0.0020472	0.0006679
2.81008	0.0033591	0.000703
2.8094	0.0018835	0.0006485
2.80872	0.0025491	0.0006436
2.80804	0.003215	0.0006775
2.80736	0.0027439	0.0006408
2.80668	0.0030163	0.0006579
2.806	0.0030525	0.0006755
2.80532	0.0027465	0.000631
2.80464	0.0033325	0.0006338
2.80396	0.0033998	0.0006832
2.80328	0.0039302	0.0006843
2.8026	0.0026175	0.0006341
2.80192	0.0017101	0.000598
2.80124	0.0027242	0.0006474
2.80056	0.0016045	0.0006503
2.79988	0.0024384	0.0006073
2.7992	0.0031279	0.0006334
2.79853	0.0017565	0.000624
2.79785	0.0046343	0.0006908
2.79717	0.0027273	0.0007048
2.79649	0.0023856	0.0006064
2.7958	0.0031682	0.00066
2.79513	0.0048267	0.0007226
2.79445	0.0026881	0.0006375
2.79377	0.0015866	0.0006529
2.79309	0.0035026	0.000692
2.79241	0.0027605	0.0006034
2.79173	0.0023622	0.0006447
2.79105	0.003197	0.0006564
2.79037	0.0037696	0.0006791
2.78969	0.0010797	0.0005839
2.78901	0.003529	0.0006435
2.78833	0.0026626	0.0006428
2.78766	0.0032487	0.000654
2.78697	0.0026749	0.0006486
2.78629	0.0040011	0.000649
2.78561	0.0024717	0.0006628
2.78493	0.0029658	0.0006862
2.78358	0.0024934	0.0006931
2.78289	0.0023825	0.0006451
2.78221	0.0021435	0.0006578
2.78154	0.0029244	0.000664
2.78086	0.0024185	0.0006388
2.78018	0.0026521	0.0006497
2.7795	0.0028208	0.0006854
2.77882	0.0030433	0.0006573
2.77814	0.0026621	0.0006287
2.77746	0.0029266	0.0006598
2.77678	0.0033946	0.0006722
2.7761	0.0027294	0.0006674
2.77542	0.0032827	0.0006667
2.77474	0.0025666	0.0006397
2.77406	0.0029243	0.0007089
2.77338	0.0036634	0.0006679
2.7727	0.0027104	0.0006919
2.77202	0.0045883	0.0007162
2.77134	0.0036072	0.0006985
2.77066	0.0032245	0.0007444
2.76998	0.0039691	0.0006992
2.7693	0.0025032	0.0006955
2.76862	0.0028547	0.0006679
2.76794	0.0028364	0.0006634
2.76726	0.0026629	0.0006797
2.76659	0.0018226	0.0006632
2.7659	0.0018065	0.0006589
2.76522	0.0029038	0.0006907
2.76454	0.0024993	0.0006756
2.76387	0.0039348	0.0007108
2.76318	0.0026574	0.0006243
2.76251	0.0026669	0.0006666
2.76115	0.0026282	0.0007095
2.76047	0.0027912	0.0007111
2.75979	0.0032455	0.0006975
2.75911	0.0034025	0.0007062
2.75843	0.0031121	0.0007356
2.75775	0.0026103	0.0006914
2.75707	0.0031094	0.0007178
2.75639	0.0033984	0.0007092
2.75571	0.0022745	0.0006549
2.75503	0.0032255	0.0007343
2.75435	0.0027078	0.0007122
2.75299	0.0034004	0.0007006
2.75231	0.0048421	0.0007417
2.75163	0.0023241	0.0007358
2.75095	0.0025543	0.000718
2.75027	0.0026201	0.0007342
2.74959	0.0030428	0.000818
2.74891	0.0029529	0.0008313
2.74823	0.0027566	0.0008606
2.74755	0.0012967	0.0008515
2.74687	0.0039593	0.0009661
2.74619	0.0016078	0.0009448
2.74551	0.0032311	0.0010324
2.74484	0.0036866	0.0011718
2.74415	0.0030917	0.0011812
2.74347	0.0024415	0.0013266
2.74279	0.0027783	0.0013688
		